idx,start,end,duration,size
1,4.838,5.881,1.043,20345
2,6.798,8.717,1.919,14142
3,9.885,12.387,2.502,33223
4,13.055,15.599,2.544,29401
5,16.642,18.393,1.751,28853
6,18.477,19.811,1.334,21976
7,19.895,21.438,1.543,23243
8,21.605,22.898,1.293,19586
9,22.981,24.983,2.002,16185
10,27.653,28.737,1.084,14249
11,28.820,30.072,1.252,18862
12,30.656,31.823,1.167,9277
13,32.491,33.951,1.460,19520
14,34.576,35.786,1.210,22869
15,35.869,38.080,2.211,22729
16,38.163,40.791,2.628,24698
17,40.874,43.293,2.419,20539
18,43.377,44.628,1.251,16446
19,44.711,45.712,1.001,6418
20,49.967,51.134,1.167,9179
21,51.927,53.095,1.168,18862
22,53.178,54.596,1.418,10219
23,54.680,55.722,1.042,5830
24,60.435,62.563,2.128,28635
25,62.646,64.273,1.627,14541
26,64.356,66.233,1.877,24000
27,66.316,68.777,2.461,36923
28,68.860,71.863,3.003,15457
29,71.947,74.157,2.210,17588
30,80.247,81.790,1.543,13273
31,83.834,85.669,1.835,20418
32,91.174,92.175,1.001,5847
33,92.259,93.302,1.043,14768
34,94.177,95.721,1.544,21107
35,97.139,98.307,1.168,14927
36,100.767,102.102,1.335,9105
37,103.186,105.689,2.503,13957
38,109.860,110.902,1.042,12303
39,112.696,114.031,1.335,10785
40,118.076,119.911,1.835,21569
41,129.338,130.922,1.584,15946
42,132.341,133.842,1.501,16501
43,134.635,135.636,1.001,15946
44,137.054,138.263,1.209,16501
45,149.316,150.400,1.084,15768
46,150.484,152.653,2.169,25087
47,170.087,171.088,1.001,16839
48,171.171,175.467,4.296,33933
49,175.550,180.430,4.880,18705
50,180.514,184.768,4.254,18705
51,185.936,189.648,3.712,18705
52,191.066,193.944,2.878,18705
53,194.027,196.279,2.252,25275
54,196.405,200.158,3.753,18705
55,201.660,202.786,1.126,7058
56,202.869,204.871,2.002,39034
57,224.015,226.059,2.044,23552
58,229.771,231.982,2.211,22380
59,244.119,245.495,1.376,13454
60,249.791,251.877,2.086,15074
61,261.720,263.930,2.210,23098
62,283.074,284.701,1.627,9824
63,290.207,292.083,1.876,21089
64,309.935,312.312,2.377,20686
65,345.679,346.680,1.001,13105
66,347.556,349.766,2.210,29208
67,351.601,352.602,1.001,12194
68,354.980,356.982,2.002,19127
69,387.762,389.806,2.044,22180
70,395.437,397.147,1.710,23027
71,397.230,399.900,2.670,25140
72,399.983,401.401,1.418,15358
73,401.484,403.445,1.961,28893
74,417.000,418.627,1.627,26888
75,419.628,424.215,4.587,28902
76,424.299,427.093,2.794,26910
77,427.177,429.262,2.085,14637
78,429.346,433.808,4.462,33035
79,433.892,435.977,2.085,22910
80,436.061,437.562,1.501,12528
81,437.646,439.856,2.210,13811
82,439.940,441.399,1.459,15255
83,441.483,442.901,1.418,9797
84,459.167,460.710,1.543,22030
85,460.794,462.712,1.918,21519
86,469.886,472.681,2.795,19043
87,472.764,477.769,5.005,31122
88,477.852,482.148,4.296,34068
89,483.024,487.821,4.797,29518
90,497.706,498.790,1.084,14550
91,499.708,501.126,1.418,9797
92,501.209,503.586,2.377,17886
93,504.170,505.630,1.460,10825
94,505.755,507.090,1.335,14115
95,520.311,521.312,1.001,7862
96,522.063,523.481,1.418,12870
97,523.565,525.316,1.751,15179
98,526.985,528.153,1.168,14453
99,528.236,532.115,3.879,25768
100,533.116,535.201,2.085,20395
101,535.827,537.579,1.752,17417
102,537.662,540.540,2.878,19648
103,544.753,547.672,2.919,11889
104,549.466,552.427,2.961,17128
105,552.510,554.304,1.794,14311
106,554.387,557.599,3.212,19820
107,560.477,562.520,2.043,20999
108,563.521,566.733,3.212,19283
109,568.234,569.360,1.126,7462
110,572.822,573.948,1.126,19572
111,578.078,579.829,1.751,12569
112,580.663,581.873,1.210,9450
113,585.251,587.420,2.169,9450
114,587.504,589.339,1.835,17633
115,589.422,591.257,1.835,26983
116,596.554,598.431,1.877,18136
117,598.515,600.016,1.501,17019
118,600.683,602.602,1.919,27001
119,602.685,604.646,1.961,17995
120,604.729,606.397,1.668,27680
121,606.481,609.150,2.669,19258
122,610.819,611.861,1.042,8819
123,613.738,614.739,1.001,12900
124,614.823,617.158,2.335,22335
125,619.077,620.537,1.460,9079
126,621.204,622.956,1.752,17601
127,625.792,627.961,2.169,23120
128,628.044,630.547,2.503,20530
129,631.464,635.301,3.837,26971
130,635.385,639.389,4.004,34225
131,639.472,640.598,1.126,18689
132,640.682,643.393,2.711,24886
133,645.562,648.189,2.627,20999
134,655.947,657.073,1.126,9779
135,661.119,662.370,1.251,9797
136,663.163,666.624,3.461,35888
137,667.625,669.127,1.502,12316
138,671.129,674.090,2.961,21435
139,674.174,677.468,3.294,25453
140,677.552,681.181,3.629,24683
141,683.016,685.351,2.335,19566
142,686.352,688.771,2.419,18075
143,688.855,691.149,2.294,22844
144,691.232,693.776,2.544,15559
145,694.444,698.072,3.628,28822
146,698.156,701.326,3.170,25618
147,701.409,705.663,4.254,18971
148,710.210,712.545,2.335,24309
149,712.629,713.922,1.293,20212
150,718.009,719.219,1.210,28641
151,719.302,720.303,1.001,4784
152,722.847,723.848,1.001,4488
153,724.724,726.017,1.293,14423
154,726.100,727.227,1.127,12655
155,727.310,729.520,2.210,32443
156,729.604,730.772,1.168,14465
157,730.855,731.940,1.085,12160
158,732.523,734.525,2.002,19397
159,735.860,738.404,2.544,23968
160,753.753,754.921,1.168,8042
161,755.713,757.006,1.293,33485
162,757.090,758.925,1.835,14082
163,764.472,765.890,1.418,8926
164,765.974,768.017,2.043,21518
165,768.101,769.727,1.626,22721
166,769.811,771.771,1.960,8453
167,771.854,772.939,1.085,7776
168,782.156,783.658,1.502,21308
169,791.207,793.126,1.919,21751
170,793.209,794.836,1.627,20172
171,796.087,798.214,2.127,22247
172,800.216,801.551,1.335,22766
173,801.634,803.011,1.377,18421
174,804.012,806.306,2.294,24395
175,806.389,808.683,2.294,33870
176,812.103,813.313,1.210,9876
177,813.980,815.523,1.543,15438
178,815.606,817.567,1.961,29509
179,817.650,819.402,1.752,20553
180,820.153,822.864,2.711,34895
181,827.452,829.579,2.127,20086
182,834.292,835.960,1.668,21752
183,836.044,838.254,2.210,22793
184,838.338,840.048,1.710,21674
185,840.757,843.259,2.502,21954
186,856.439,857.648,1.209,24713
187,862.528,864.405,1.877,24169
188,871.079,872.288,1.209,13309
189,872.372,874.207,1.835,18253
190,874.290,876.459,2.169,27071
191,876.542,878.669,2.127,26617
192,880.588,882.799,2.211,23691
193,882.882,884.509,1.627,19254
194,885.176,886.594,1.418,20292
195,886.677,889.764,3.087,26069
196,889.847,890.973,1.126,12623
197,891.057,893.267,2.210,11693
198,898.689,900.608,1.919,19198
199,900.691,902.693,2.002,33079
200,902.777,904.362,1.585,16187
201,904.445,905.947,1.502,14739
202,906.030,907.073,1.043,28645
203,907.156,908.825,1.669,16004
204,908.908,909.909,1.001,16290
205,911.953,914.247,2.294,36218
206,917.208,919.335,2.127,22650
207,926.217,927.260,1.043,13895
208,927.343,929.387,2.044,34128
209,935.977,937.395,1.418,15410
210,940.773,942.150,1.377,25389
211,942.233,944.235,2.002,29122
212,961.210,962.670,1.460,24322
213,962.753,964.422,1.669,15012
214,964.505,965.923,1.418,18006
215,967.758,970.303,2.545,30682
216,970.386,971.387,1.001,11213
217,971.471,972.763,1.292,13844
218,972.847,974.724,1.877,29154
219,974.807,977.935,3.128,27582
220,978.019,979.395,1.376,28657
221,979.479,980.771,1.292,13889
222,980.855,982.773,1.918,16187
223,982.857,983.983,1.126,7876
224,985.151,987.403,2.252,27335
225,1000.249,1001.626,1.377,8198
226,1001.709,1003.044,1.335,13792
227,1003.127,1004.128,1.001,8563
228,1005.213,1006.672,1.459,6116
229,1007.548,1008.799,1.251,16026
230,1008.883,1009.884,1.001,12954
231,1010.551,1011.677,1.126,11191
232,1011.761,1014.555,2.794,26391
233,1016.182,1017.558,1.376,9450
234,1017.642,1019.227,1.585,19576
235,1019.310,1020.645,1.335,7862
236,1024.857,1025.858,1.001,8099
237,1028.236,1029.362,1.126,16062
238,1029.487,1030.947,1.460,9179
239,1031.030,1032.698,1.668,20166
240,1042.333,1043.960,1.627,19010
241,1048.631,1049.674,1.043,6339
242,1049.757,1051.384,1.627,19003
243,1051.467,1053.052,1.585,16238
244,1053.135,1054.887,1.752,18573
245,1058.558,1059.600,1.042,7511
246,1059.684,1061.727,2.043,13978
247,1062.603,1064.230,1.627,13501
248,1064.313,1066.440,2.127,19252
249,1066.524,1069.360,2.836,19576
250,1084.959,1086.085,1.126,18853
251,1086.168,1087.628,1.460,12562
252,1087.712,1089.046,1.334,20296
253,1089.130,1090.256,1.126,16973
254,1090.506,1092.633,2.127,29765
255,1092.717,1093.801,1.084,11710
256,1093.884,1095.970,2.086,22159
257,1096.053,1097.430,1.377,16202
258,1097.513,1099.348,1.835,25884
259,1100.474,1101.934,1.460,8836
260,1103.978,1105.521,1.543,12502
261,1106.564,1108.858,2.294,23540
262,1128.336,1130.796,2.460,27678
263,1143.726,1145.728,2.002,43584
264,1145.811,1147.938,2.127,33323
265,1148.022,1149.482,1.460,21207
266,1149.565,1151.233,1.668,20436
267,1151.317,1152.777,1.460,16677
268,1152.860,1154.695,1.835,27757
269,1154.779,1156.822,2.043,24912
270,1156.906,1158.407,1.501,24595
271,1158.491,1160.451,1.960,25723
272,1160.534,1162.787,2.253,27360
273,1162.870,1165.456,2.586,26782
274,1165.539,1166.999,1.460,19861
275,1167.875,1169.710,1.835,28640
276,1170.878,1172.922,2.044,30059
277,1176.300,1177.718,1.418,9654
278,1181.764,1182.765,1.001,10965
279,1185.810,1188.187,2.377,20824
280,1189.522,1191.440,1.918,16598
281,1193.651,1195.569,1.918,30926
282,1227.810,1228.978,1.168,11493
283,1229.061,1230.104,1.043,10280
284,1230.187,1231.522,1.335,20215
285,1231.605,1233.232,1.627,26785
286,1233.315,1235.025,1.710,24631
287,1238.446,1239.447,1.001,12957
288,1239.989,1240.990,1.001,6419
289,1241.073,1242.158,1.085,20918
290,1242.241,1244.243,2.002,12522
291,1244.326,1246.454,2.128,22419
292,1246.537,1247.788,1.251,13138
293,1247.872,1250.166,2.294,27387
294,1250.249,1253.085,2.836,22921
295,1253.169,1254.879,1.710,21010
296,1254.962,1257.548,2.586,23169
297,1258.758,1261.469,2.711,26549
298,1262.136,1265.681,3.545,24190
299,1266.348,1267.475,1.127,18635
300,1267.558,1269.226,1.668,20749
301,1269.310,1270.978,1.668,20242
302,1271.979,1274.023,2.044,19543
303,1274.106,1275.816,1.710,14338
304,1275.900,1278.402,2.502,25823
305,1278.486,1280.654,2.168,14889
306,1280.738,1283.157,2.419,21556
307,1283.240,1284.492,1.252,14822
308,1284.575,1285.951,1.376,11054
309,1286.035,1287.036,1.001,3644
310,1291.373,1293.667,2.294,30420
311,1293.751,1295.961,2.210,24393
312,1296.045,1297.254,1.209,18105
313,1297.338,1300.549,3.211,35347
314,1300.633,1301.634,1.001,14651
315,1301.717,1303.469,1.752,30149
316,1303.552,1304.720,1.168,10100
317,1304.804,1306.305,1.501,19586
318,1307.807,1309.350,1.543,21597
319,1310.810,1312.394,1.584,17359
320,1312.478,1313.729,1.251,18232
321,1316.941,1320.611,3.670,28945
322,1320.694,1322.863,2.169,22500
323,1322.947,1325.449,2.502,29684
324,1325.533,1327.701,2.168,20432
325,1330.162,1331.163,1.001,15286
326,1332.039,1333.040,1.001,7620
327,1339.129,1340.339,1.210,7620
328,1344.885,1346.679,1.794,18353
329,1346.762,1347.763,1.001,6938
330,1349.056,1350.558,1.502,10319
331,1352.685,1353.686,1.001,12074
332,1356.814,1358.065,1.251,12575
333,1358.732,1360.025,1.293,13647
334,1370.160,1371.245,1.085,19291
335,1371.328,1375.249,3.921,30922
336,1375.833,1377.251,1.418,16170
337,1377.918,1379.545,1.627,27591
338,1379.628,1380.754,1.126,10910
339,1380.838,1382.673,1.835,25840
340,1384.383,1385.426,1.043,5473
341,1387.428,1390.389,2.961,14525
342,1391.265,1392.266,1.001,12766
343,1402.234,1404.028,1.794,18249
344,1407.489,1408.782,1.293,7620
345,1411.493,1413.245,1.752,15713
346,1414.163,1418.000,3.837,29235
347,1418.083,1420.669,2.586,24699
348,1420.753,1423.088,2.335,27625
349,1423.172,1424.465,1.293,10989
350,1425.883,1427.843,1.960,21497
351,1429.094,1432.723,3.629,22261
352,1432.806,1434.642,1.836,11385
353,1434.725,1437.603,2.878,20951
354,1438.103,1440.981,2.878,28438
355,1441.148,1445.653,4.505,31625
356,1445.819,1448.530,2.711,19775
357,1448.697,1451.951,3.254,19808
358,1452.117,1453.494,1.377,6781
359,1455.120,1456.789,1.669,13111
360,1456.956,1459.333,2.377,21137
361,1459.416,1461.835,2.419,20677
362,1461.919,1466.131,4.212,21202
363,1467.424,1470.803,3.379,18417
364,1471.804,1473.973,2.169,19042
365,1476.475,1477.810,1.335,11901
366,1479.186,1481.146,1.960,11221
367,1487.361,1488.779,1.418,15720
368,1490.572,1492.032,1.460,16598
369,1492.116,1494.034,1.918,21927
370,1494.118,1496.161,2.043,23056
371,1496.245,1499.999,3.754,30834
372,1500.541,1502.126,1.585,7020
373,1503.711,1504.878,1.167,4822
374,1509.008,1511.885,2.877,25076
375,1512.052,1514.013,1.961,21071
376,1514.972,1516.932,1.960,16650
377,1518.308,1519.685,1.377,8796
378,1521.353,1523.480,2.127,23056
379,1529.820,1530.821,1.001,7620
380,1533.365,1534.450,1.085,8979
381,1546.211,1547.212,1.001,14825
382,1547.379,1548.505,1.126,14453
383,1549.339,1551.133,1.794,28019
384,1552.301,1554.636,2.335,28940
385,1554.803,1557.056,2.253,24186
386,1557.222,1560.142,2.920,26071
387,1560.225,1562.478,2.253,25904
388,1562.978,1564.563,1.585,17321
389,1565.898,1567.274,1.376,4686
390,1567.441,1569.985,2.544,25796
391,1571.487,1574.281,2.794,20796
392,1575.532,1577.076,1.544,12793
393,1578.494,1580.037,1.543,12024
394,1580.370,1582.372,2.002,11507
395,1586.835,1589.755,2.920,29046
396,1590.339,1591.548,1.209,13039
397,1591.632,1594.093,2.461,18397
398,1596.095,1597.096,1.001,10010
399,1597.679,1599.640,1.961,31729
400,1599.723,1601.100,1.377,16860
401,1601.183,1602.226,1.043,14808
402,1606.522,1608.524,2.002,19485
403,1612.111,1614.321,2.210,23065
404,1624.414,1626.333,1.919,23203
405,1626.416,1627.751,1.335,5227
406,1629.378,1631.046,1.668,20692
407,1631.713,1634.550,2.837,27926
408,1636.093,1637.594,1.501,14455
409,1638.512,1640.597,2.085,11665
410,1642.057,1643.058,1.001,10169
411,1644.601,1646.728,2.127,29349
412,1647.062,1650.232,3.170,33388
413,1650.399,1652.734,2.335,26262
414,1654.319,1655.404,1.085,17048
415,1655.487,1657.281,1.794,21712
416,1657.364,1660.325,2.961,30251
417,1660.492,1662.369,1.877,10201
418,1662.536,1663.745,1.209,16834
419,1664.371,1667.457,3.086,20230
420,1670.377,1672.087,1.710,19873
421,1673.881,1676.425,2.544,27190
422,1676.508,1678.093,1.585,17345
423,1679.094,1682.639,3.545,23726
424,1683.557,1684.850,1.293,19305
425,1684.933,1686.685,1.752,22417
426,1687.811,1690.772,2.961,34475
427,1690.939,1693.442,2.503,18082
428,1693.609,1694.943,1.334,9591
429,1695.110,1696.486,1.376,16354
430,1700.365,1704.119,3.754,33728
431,1704.661,1706.997,2.336,24511
432,1707.080,1708.498,1.418,17199
433,1708.665,1712.085,3.420,20556
434,1712.878,1715.255,2.377,26616
435,1715.339,1716.632,1.293,14887
436,1717.382,1721.386,4.004,36275
437,1721.553,1724.014,2.461,21619
438,1724.097,1726.808,2.711,15024
439,1728.268,1731.355,3.087,34421
440,1732.147,1734.858,2.711,25180
441,1735.359,1738.487,3.128,35594
442,1740.948,1741.949,1.001,14385
443,1744.493,1746.954,2.461,28278
444,1747.120,1748.455,1.335,13099
445,1748.914,1750.916,2.002,20139
446,1754.461,1755.671,1.210,12243
447,1756.171,1758.090,1.919,22122
448,1758.173,1759.967,1.794,20756
449,1768.684,1770.602,1.918,23774
450,1771.353,1773.355,2.002,23868
451,1785.367,1786.910,1.543,21683
452,1786.994,1788.203,1.209,18140
453,1788.954,1790.580,1.626,27920
454,1792.666,1794.209,1.543,26837
455,1794.293,1796.003,1.710,13698
456,1798.088,1802.926,4.838,27990
457,1803.010,1804.469,1.459,17784
458,1804.886,1807.097,2.211,10152
459,1807.264,1809.099,1.835,24836
460,1809.182,1811.435,2.253,22452
461,1811.601,1812.894,1.293,16157
462,1812.978,1814.771,1.793,22679
463,1814.855,1816.106,1.251,16485
464,1816.189,1818.066,1.877,18678
465,1818.150,1819.234,1.084,13232
466,1819.318,1821.820,2.502,31869
467,1821.903,1822.988,1.085,16750
468,1823.071,1825.157,2.086,15478
469,1826.992,1827.993,1.001,6339
470,1828.076,1829.578,1.502,11632
471,1836.418,1837.961,1.543,16237
472,1838.128,1840.922,2.794,29900
473,1841.006,1842.341,1.335,21322
474,1842.507,1845.969,3.462,27918
475,1846.136,1847.637,1.501,19389
476,1847.721,1850.015,2.294,26121
477,1850.098,1854.394,4.296,29239
478,1854.478,1855.520,1.042,13469
479,1855.604,1856.688,1.084,4252
480,1858.982,1860.776,1.794,19921
481,1860.859,1862.611,1.752,21193
482,1863.570,1865.572,2.002,27336
483,1865.655,1867.282,1.627,27423
484,1867.366,1869.951,2.585,24912
485,1870.118,1872.079,1.961,32199
486,1872.162,1874.664,2.502,24436
487,1874.831,1877.209,2.378,26470
488,1878.001,1881.963,3.962,22268
489,1882.130,1884.549,2.419,24476
490,1884.633,1886.426,1.793,14386
491,1888.428,1889.429,1.001,7620
492,1890.389,1892.766,2.377,34729
493,1895.852,1896.895,1.043,16584
494,1898.605,1902.734,4.129,28654
495,1903.068,1904.069,1.001,6005
496,1904.861,1906.780,1.919,14576
497,1906.947,1908.365,1.418,14086
498,1908.448,1910.659,2.211,22823
499,1910.826,1913.954,3.128,26884
500,1914.037,1915.831,1.794,20329
501,1916.164,1917.582,1.418,8443
502,1918.166,1920.836,2.670,27554
503,1921.002,1922.754,1.752,21742
504,1922.921,1925.173,2.252,20202
505,1925.257,1928.218,2.961,28083
506,1928.385,1930.637,2.252,27300
507,1930.804,1932.514,1.710,24533
508,1932.597,1933.682,1.085,11991
509,1933.765,1935.809,2.044,22810
510,1935.976,1938.061,2.085,25368
511,1938.228,1941.690,3.462,29917
512,1942.399,1944.276,1.877,22801
513,1944.443,1946.236,1.793,16538
514,1948.530,1950.532,2.002,25552
515,1952.159,1953.869,1.710,22580
516,1954.661,1955.996,1.335,19674
517,1956.163,1958.165,2.002,13245
518,1958.248,1960.459,2.211,21053
519,1960.542,1961.877,1.335,9779
520,1962.836,1965.380,2.544,31252
521,1965.839,1968.508,2.669,25605
522,1969.050,1972.012,2.962,26307
523,1972.095,1973.180,1.085,14009
524,1973.263,1976.475,3.212,27952
525,1976.641,1978.059,1.418,8729
526,1978.477,1980.479,2.002,17800
527,1980.562,1982.564,2.002,19109
528,1982.647,1984.232,1.585,11533
529,1984.983,1986.151,1.168,11870
530,1987.402,1988.403,1.001,8193
531,1989.362,1990.447,1.085,12946
532,1990.530,1992.699,2.169,21633
533,1993.200,1995.577,2.377,32484
534,2003.460,2004.586,1.126,33965
535,2004.669,2006.421,1.752,30301
536,2006.505,2008.798,2.293,25844
537,2009.799,2010.800,1.001,8400
538,2010.884,2011.885,1.001,5834
539,2011.968,2014.137,2.169,22616
540,2014.221,2016.890,2.669,24606
541,2016.973,2019.309,2.336,27264
542,2019.809,2020.810,1.001,7620
543,2021.520,2022.854,1.334,13718
544,2024.856,2026.316,1.460,8939
545,2027.234,2028.610,1.376,5449
546,2030.779,2032.113,1.334,14924
547,2033.740,2034.741,1.001,13502
548,2034.824,2036.076,1.252,11408
549,2039.079,2040.372,1.293,15842
550,2040.539,2041.915,1.376,24474
551,2041.998,2043.917,1.919,34619
552,2044.501,2045.794,1.293,20935
553,2045.877,2047.671,1.794,21991
554,2048.088,2049.381,1.293,22537
555,2050.423,2052.092,1.669,15178
556,2052.259,2053.510,1.251,11342
557,2054.219,2055.220,1.001,12816
558,2055.387,2056.429,1.042,8503
559,2058.431,2061.309,2.878,25883
560,2061.476,2064.437,2.961,29476
561,2064.604,2065.605,1.001,10624
562,2066.064,2067.065,1.001,4944
563,2067.232,2068.275,1.043,9616
564,2068.733,2069.734,1.001,13639
565,2069.818,2070.819,1.001,22912
566,2070.902,2073.572,2.670,34599
567,2074.489,2075.574,1.085,10630
568,2077.158,2079.035,1.877,30519
569,2079.119,2081.246,2.127,31243
570,2081.329,2083.999,2.670,23741
571,2084.165,2086.251,2.086,26553
572,2086.418,2087.919,1.501,20004
573,2088.753,2090.505,1.752,12026
574,2090.672,2092.173,1.501,13542
575,2096.011,2097.012,1.001,8549
576,2097.804,2100.056,2.252,31899
577,2100.223,2102.309,2.086,24567
578,2102.475,2103.727,1.252,17034
579,2104.394,2105.770,1.376,20524
580,2105.937,2108.523,2.586,18521
581,2108.690,2110.775,2.085,22101
582,2110.859,2112.444,1.585,19735
583,2112.527,2114.112,1.585,26887
584,2114.195,2115.447,1.252,18869
585,2115.530,2116.573,1.043,15758
586,2116.656,2117.490,0.834,5475
587,2117.991,2120.160,2.169,38407
588,2127.751,2129.753,2.002,19261
589,2129.836,2133.089,3.253,30781
590,2133.173,2134.924,1.751,24325
591,2135.008,2136.176,1.168,11632
592,2136.259,2137.969,1.710,12430
593,2139.179,2140.930,1.751,19540
594,2141.014,2143.558,2.544,24377
595,2143.725,2145.101,1.376,19281
596,2148.396,2149.522,1.126,15648
597,2150.815,2152.567,1.752,12318
598,2155.570,2156.738,1.168,19654
599,2156.821,2157.822,1.001,12165
600,2158.323,2159.324,1.001,16601
601,2159.407,2160.408,1.001,9779
602,2161.368,2163.203,1.835,29013
603,2163.286,2165.038,1.752,21831
604,2165.121,2166.873,1.752,20371
605,2166.956,2168.166,1.210,15559
606,2168.667,2171.086,2.419,20175
607,2171.169,2173.046,1.877,14386
608,2173.213,2174.631,1.418,17947
609,2175.465,2178.134,2.669,34096
610,2179.761,2181.221,1.460,9779
611,2182.097,2183.098,1.001,16601
612,2183.682,2184.766,1.084,22081
613,2185.392,2187.185,1.793,24620
614,2187.352,2188.645,1.293,14966
615,2189.938,2191.064,1.126,10946
616,2194.818,2195.819,1.001,6237
617,2196.236,2197.404,1.168,18242
618,2197.487,2198.488,1.001,3515
619,2198.571,2199.698,1.127,18727
620,2199.781,2200.865,1.084,12969
621,2200.949,2202.534,1.585,16204
622,2204.160,2206.121,1.961,16550
623,2207.247,2208.248,1.001,8593
624,2212.085,2213.586,1.501,17204
625,2214.087,2216.715,2.628,35968
626,2225.849,2226.850,1.001,6860
627,2227.016,2228.101,1.085,10939
628,2231.521,2233.064,1.543,19783
629,2233.148,2234.232,1.084,18134
630,2235.692,2237.610,1.918,13686
631,2237.777,2238.945,1.168,14088
632,2239.446,2241.281,1.835,12674
633,2242.824,2243.825,1.001,6169
634,2243.908,2245.493,1.585,14156
635,2247.078,2248.663,1.585,22446
636,2248.830,2250.457,1.627,20843
637,2252.250,2253.251,1.001,3515
638,2253.793,2255.587,1.794,24230
639,2255.670,2257.172,1.502,16312
640,2258.673,2260.842,2.169,21070
641,2260.925,2262.594,1.669,23529
642,2262.761,2264.763,2.002,19152
643,2265.138,2266.931,1.793,26920
644,2268.475,2270.602,2.127,28939
645,2271.186,2272.312,1.126,13070
646,2273.730,2275.899,2.169,27386
647,2278.193,2279.235,1.042,11773
648,2280.195,2281.488,1.293,7268
649,2281.946,2283.156,1.210,16524
650,2283.239,2285.784,2.545,23824
651,2287.202,2288.787,1.585,16924
652,2288.953,2290.038,1.085,11222
653,2290.205,2291.873,1.668,24882
654,2291.956,2293.792,1.836,29260
655,2295.543,2297.086,1.543,20444
656,2297.170,2298.254,1.084,8390
657,2298.838,2300.340,1.502,22210
658,2301.132,2303.635,2.503,31315
659,2304.511,2307.514,3.003,32539
660,2310.016,2311.017,1.001,5418
661,2312.101,2313.311,1.210,5418
662,2313.478,2315.688,2.210,13095
663,2316.523,2319.192,2.669,28666
664,2319.609,2320.610,1.001,4760
665,2322.654,2324.280,1.626,18384
666,2325.198,2327.700,2.502,21076
667,2327.867,2329.536,1.669,17516
668,2330.203,2331.371,1.168,6418
669,2331.538,2332.539,1.001,4123
670,2332.705,2335.542,2.837,26840
671,2335.625,2336.626,1.001,11648
672,2336.709,2337.877,1.168,21084
673,2337.961,2339.254,1.293,17320
674,2339.337,2340.380,1.043,11795
675,2343.174,2344.259,1.085,10243
676,2344.342,2345.677,1.335,18407
677,2345.760,2348.137,2.377,17756
678,2348.847,2349.973,1.126,6623
679,2350.473,2351.641,1.168,14987
680,2351.724,2353.226,1.502,26309
681,2353.309,2354.894,1.585,18604
682,2354.978,2356.646,1.668,19049
683,2356.729,2358.064,1.335,11988
684,2359.148,2362.068,2.920,22793
685,2362.235,2364.404,2.169,17903
686,2364.571,2366.865,2.294,17155
687,2367.657,2370.410,2.753,31144
688,2370.577,2372.537,1.960,29608
689,2372.620,2373.830,1.210,13006
690,2374.455,2376.499,2.044,17134
691,2376.708,2379.043,2.335,23413
692,2379.210,2380.879,1.669,20695
693,2381.337,2382.714,1.377,11516
694,2382.797,2385.466,2.669,27184
695,2385.633,2388.553,2.920,22709
696,2388.720,2390.847,2.127,22728
697,2390.930,2392.181,1.251,23132
698,2393.099,2393.933,0.834,6237
699,2401.190,2402.942,1.752,23825
700,2403.651,2405.653,2.002,31043
701,2406.446,2410.241,3.795,29667
702,2410.742,2412.327,1.585,22702
703,2415.038,2417.832,2.794,18640
704,2417.999,2420.126,2.127,27231
705,2420.293,2421.711,1.418,20183
706,2421.794,2423.796,2.002,18598
707,2423.880,2424.881,1.001,12666
708,2424.964,2428.384,3.420,30823
709,2428.551,2429.552,1.001,4784
710,2429.636,2432.597,2.961,29273
711,2432.764,2435.725,2.961,26284
712,2435.892,2439.020,3.128,27596
713,2439.187,2441.105,1.918,29717
714,2441.272,2443.316,2.044,28532
715,2443.483,2445.401,1.918,29938
716,2445.568,2447.946,2.378,30420
717,2448.029,2449.447,1.418,17943
718,2449.530,2451.240,1.710,29395
719,2451.324,2452.700,1.376,19156
720,2452.784,2454.243,1.459,19232
721,2454.661,2455.662,1.001,5521
722,2457.288,2458.748,1.460,21372
723,2462.752,2465.380,2.628,26474
724,2465.546,2466.589,1.043,10159
725,2467.423,2469.425,2.002,17633
726,2479.978,2482.480,2.502,23473
727,2482.563,2484.774,2.211,22533
728,2484.941,2487.568,2.627,27779
729,2487.652,2490.279,2.627,32557
730,2490.363,2492.031,1.668,21816
731,2492.115,2493.741,1.626,19500
732,2493.825,2494.826,1.001,5454
733,2494.909,2497.578,2.669,37117
734,2497.662,2501.374,3.712,34471
735,2501.541,2504.961,3.420,31082
736,2505.044,2506.462,1.418,33644
737,2506.546,2507.547,1.001,12506
738,2507.630,2508.673,1.043,20374
739,2508.756,2510.133,1.377,15893
740,2510.216,2511.342,1.126,30380
741,2511.426,2512.510,1.084,21264
742,2512.593,2515.138,2.545,30730
743,2515.304,2517.724,2.420,22951
744,2517.890,2519.475,1.585,20508
745,2519.559,2521.060,1.501,22322
746,2521.227,2522.353,1.126,15737
747,2523.771,2524.939,1.168,3515
748,2525.940,2529.235,3.295,30972
749,2529.402,2531.237,1.835,15951
750,2531.320,2533.406,2.086,18498
751,2533.573,2536.034,2.461,16660
752,2536.409,2537.660,1.251,10842
753,2537.744,2538.995,1.251,6537
754,2539.162,2541.581,2.419,28927
755,2541.664,2544.709,3.045,27009
756,2544.792,2547.670,2.878,32406
757,2547.837,2548.963,1.126,12709
758,2549.047,2551.007,1.960,21423
759,2551.090,2552.884,1.794,28459
760,2552.967,2554.052,1.085,15841
761,2554.510,2555.803,1.293,26327
762,2555.887,2557.638,1.751,28065
763,2557.722,2558.931,1.209,14798
764,2559.015,2560.099,1.084,15790
765,2560.183,2561.309,1.126,13778
766,2561.392,2563.519,2.127,28067
767,2563.686,2565.730,2.044,20451
768,2566.439,2567.565,1.126,19263
769,2567.648,2569.525,1.877,14563
770,2569.609,2570.902,1.293,30320
771,2570.985,2571.986,1.001,13274
772,2572.153,2573.696,1.543,27126
773,2573.780,2575.031,1.251,21453
774,2575.114,2576.991,1.877,22163
775,2577.158,2579.243,2.085,22115
776,2579.327,2580.411,1.084,12421
777,2580.578,2581.996,1.418,14557
778,2582.580,2583.706,1.126,15824
779,2588.920,2590.421,1.501,16601
780,2590.505,2592.673,2.168,32309
781,2592.757,2595.635,2.878,9520
782,2595.802,2597.136,1.334,15820
783,2598.513,2600.139,1.626,13038
784,2600.807,2601.891,1.084,19319
785,2601.974,2604.310,2.336,22893
786,2604.393,2606.354,1.961,20133
787,2606.813,2607.855,1.042,14636
788,2609.899,2611.025,1.126,15670
789,2611.109,2612.485,1.376,23937
790,2612.568,2614.195,1.627,23492
791,2614.278,2615.530,1.252,12981
792,2615.613,2616.739,1.126,15227
793,2616.823,2619.075,2.252,41028
794,2619.909,2623.204,3.295,16038
795,2623.287,2624.372,1.085,13827
796,2624.455,2626.916,2.461,15087
797,2628.126,2629.127,1.001,10497
798,2630.294,2631.587,1.293,11251
799,2631.671,2632.964,1.293,27008
800,2633.047,2634.590,1.543,22228
801,2634.674,2635.675,1.001,9380
802,2635.758,2638.052,2.294,28329
803,2639.679,2641.097,1.418,24373
804,2641.180,2643.057,1.877,15417
805,2643.224,2645.893,2.669,28537
806,2646.060,2647.353,1.293,19843
807,2647.436,2649.230,1.794,17400
808,2649.397,2650.565,1.168,22947
809,2650.815,2652.191,1.376,23665
810,2652.275,2654.277,2.002,21358
811,2654.360,2655.653,1.293,16851
812,2655.736,2657.155,1.419,14237
813,2657.864,2659.282,1.418,26465
814,2659.365,2661.409,2.044,27083
815,2661.492,2663.244,1.752,26532
816,2663.327,2666.455,3.128,30801
817,2666.622,2668.666,2.044,21888
818,2670.710,2672.461,1.751,15227
819,2673.462,2674.797,1.335,16655
820,2674.881,2676.757,1.876,17053
821,2681.470,2683.181,1.711,13236
822,2687.351,2689.520,2.169,21664
823,2689.604,2691.397,1.793,20308
824,2691.480,2693.399,1.919,24718
825,2693.482,2694.942,1.460,22852
826,2695.109,2696.611,1.502,21963
827,2696.694,2698.321,1.627,20308
828,2698.404,2700.156,1.752,24718
829,2700.239,2702.116,1.877,22838
830,2702.825,2704.327,1.502,21900
831,2704.410,2706.245,1.835,14827
832,2708.581,2710.708,2.127,29618
833,2710.791,2712.585,1.794,19666
834,2712.752,2714.086,1.334,19574
835,2714.712,2716.464,1.752,31125
836,2717.006,2718.507,1.501,17621
837,2719.008,2720.009,1.001,13770
838,2720.092,2721.093,1.001,6679
839,2721.802,2722.803,1.001,5449
840,2726.474,2727.475,1.001,9431
841,2727.892,2730.144,2.252,27788
842,2730.311,2732.104,1.793,23286
843,2732.188,2734.065,1.877,30228
844,2734.232,2735.233,1.001,16809
845,2737.860,2740.529,2.669,22660
846,2741.489,2743.616,2.127,21737
847,2744.742,2747.328,2.586,22924
848,2750.456,2751.832,1.376,28297
849,2751.916,2753.459,1.543,21437
850,2754.210,2755.461,1.251,20685
851,2759.090,2760.091,1.001,13902
852,2761.968,2763.803,1.835,14463
853,2767.181,2769.141,1.960,24469
854,2770.059,2772.061,2.002,21229
855,2772.144,2773.396,1.252,29010
856,2774.730,2775.773,1.043,8443
857,2779.360,2780.444,1.084,17752
858,2781.362,2782.405,1.043,32169
859,2782.655,2783.656,1.001,9779
860,2783.823,2784.865,1.042,27030
861,2784.949,2786.951,2.002,26677
862,2787.118,2788.536,1.418,7088
863,2790.079,2791.163,1.084,14424
864,2791.247,2792.581,1.334,23339
865,2792.665,2793.874,1.209,12305
866,2793.958,2795.418,1.460,9237
867,2796.627,2797.962,1.335,11651
868,2798.504,2799.505,1.001,9450
869,2800.423,2801.465,1.042,15796
870,2813.269,2814.854,1.585,12794
871,2828.492,2831.579,3.087,28128
872,2832.121,2833.122,1.001,5544
873,2843.299,2845.301,2.002,20951
874,2847.928,2849.138,1.210,16601
875,2849.221,2851.474,2.253,30925
876,2851.640,2854.226,2.586,32795
877,2854.310,2856.020,1.710,13543
878,2859.815,2860.816,1.001,8875
879,2860.900,2862.443,1.543,14560
880,2863.069,2864.070,1.001,12754
881,2868.532,2869.950,1.418,16196
882,2870.868,2872.119,1.251,7862
883,2872.203,2874.205,2.002,17633
884,2875.956,2877.124,1.168,8875
885,2888.677,2890.763,2.086,16113
886,2891.555,2893.057,1.502,13855
887,2893.766,2894.975,1.209,30126
888,2897.603,2898.771,1.168,16062
889,2903.567,2904.693,1.126,20375
890,2905.069,2906.570,1.501,22614
891,2906.654,2907.905,1.251,16062
892,2909.573,2910.574,1.001,22072
893,2911.492,2912.910,1.418,11036
894,2913.244,2915.579,2.335,12569
895,2924.713,2926.715,2.002,19593
896,2935.391,2936.934,1.543,14106
897,2941.355,2942.690,1.335,9672
898,2944.650,2945.985,1.335,16062
899,2949.238,2951.365,2.127,21933
900,2954.118,2955.327,1.209,10743
901,2959.039,2960.374,1.335,14106
902,2971.177,2972.678,1.501,9179
903,2994.492,2995.993,1.501,17239
904,2996.076,2998.078,2.002,21380
905,3003.667,3005.794,2.127,25648
906,3019.141,3020.809,1.668,24575
907,3020.893,3022.561,1.668,17919
908,3022.645,3024.438,1.793,14439
909,3025.523,3027.608,2.085,11623
910,3027.691,3029.318,1.627,22743
911,3030.945,3032.154,1.209,16717
912,3036.325,3037.326,1.001,8875
913,3044.667,3045.751,1.084,18282
914,3047.253,3048.254,1.001,14556
915,3048.337,3049.713,1.376,23469
916,3049.797,3050.965,1.168,22745
917,3051.048,3052.341,1.293,14872
918,3052.800,3054.593,1.793,23406
919,3054.760,3056.845,2.085,19124
920,3057.846,3059.473,1.627,21384
921,3059.557,3061.642,2.085,34940
922,3061.934,3064.228,2.294,34281
923,3064.562,3065.854,1.292,10743
924,3066.313,3068.315,2.002,23065
925,3069.817,3071.151,1.334,12554
926,3076.323,3077.449,1.126,12554
927,3079.326,3080.452,1.126,21384
928,3080.536,3081.662,1.126,11286
929,3081.745,3083.289,1.544,12542
930,3084.915,3086.959,2.044,20813
931,3090.588,3091.589,1.001,5544
932,3096.969,3098.637,1.668,11827
933,3102.808,3104.893,2.085,28201
934,3110.024,3112.693,2.669,29978
935,3112.860,3115.070,2.210,27137
936,3115.446,3116.447,1.001,8158
937,3116.530,3117.656,1.126,24183
938,3117.740,3118.741,1.001,15269
939,3118.907,3120.701,1.794,18413
940,3121.744,3123.120,1.376,23553
941,3125.539,3126.915,1.376,13476
942,3126.999,3128.000,1.001,6510
943,3128.083,3129.084,1.001,5304
944,3130.085,3131.962,1.877,26491
945,3132.504,3134.006,1.502,23640
946,3134.089,3135.090,1.001,18180
947,3135.174,3136.592,1.418,18822
948,3137.676,3138.761,1.085,13266
949,3138.844,3140.429,1.585,9861
950,3140.596,3142.097,1.501,26086
951,3142.181,3143.182,1.001,14596
952,3143.349,3146.060,2.711,35063
953,3146.810,3147.811,1.001,6257
954,3147.895,3149.647,1.752,28495
955,3149.730,3151.899,2.169,35105
956,3152.066,3154.234,2.168,22143
957,3154.318,3155.527,1.209,22840
958,3156.153,3157.738,1.585,19902
959,3157.905,3159.657,1.752,26325
960,3159.740,3160.783,1.043,22002
961,3160.866,3162.159,1.293,25035
962,3162.242,3163.869,1.627,30994
963,3163.952,3164.953,1.001,14612
964,3165.037,3166.205,1.168,22515
965,3166.288,3167.748,1.460,30602
966,3167.915,3169.124,1.209,21240
967,3170.167,3171.752,1.585,17127
968,3171.919,3174.296,2.377,30164
969,3174.463,3176.548,2.085,24323
970,3176.715,3178.384,1.669,25595
971,3178.467,3180.678,2.211,27627
972,3180.761,3182.137,1.376,29653
973,3182.304,3184.682,2.378,28473
974,3184.765,3186.934,2.169,29774
975,3187.017,3188.060,1.043,13876
976,3191.438,3192.690,1.252,15426
977,3193.732,3195.567,1.835,23781
978,3196.485,3199.321,2.836,33435
979,3200.197,3201.865,1.668,17352
980,3201.949,3203.409,1.460,25283
981,3203.492,3205.202,1.710,13243
982,3205.369,3208.622,3.253,32067
983,3220.426,3221.635,1.209,14011
984,3222.010,3224.430,2.420,21399
985,3224.513,3226.515,2.002,21407
986,3226.598,3229.560,2.962,20648
987,3234.356,3235.524,1.168,9779
988,3237.860,3238.902,1.042,15868
989,3239.403,3240.863,1.460,9779
990,3242.865,3244.324,1.459,25272
991,3245.284,3249.079,3.795,28433
992,3249.246,3250.622,1.376,9779
993,3251.415,3253.208,1.793,27642
994,3253.292,3254.585,1.293,11347
995,3255.127,3256.128,1.001,7070
996,3256.211,3259.339,3.128,28182
997,3259.506,3262.760,3.254,20658
998,3262.843,3264.178,1.335,11400
999,3264.845,3269.224,4.379,37051
1000,3269.391,3271.935,2.544,25557
1001,3272.102,3276.398,4.296,33630
1002,3277.691,3279.568,1.877,13957
1003,3279.651,3284.448,4.797,32248
1004,3284.615,3287.826,3.211,19113
1005,3288.660,3291.455,2.795,18761
1006,3300.631,3302.549,1.918,14128
1007,3308.722,3310.933,2.211,9948
1008,3311.099,3314.728,3.629,21528
1009,3314.895,3318.482,3.587,30373
1010,3318.649,3322.277,3.628,29976
1011,3323.654,3325.072,1.418,11870
1012,3325.155,3328.033,2.878,27906
1013,3328.200,3330.118,1.918,11187
1014,3330.869,3332.371,1.502,7724
1015,3333.288,3335.457,2.169,20882
1016,3336.291,3338.293,2.002,18539
1017,3345.008,3347.386,2.378,11609
1018,3362.943,3364.778,1.835,12532
1019,3381.545,3384.089,2.544,14046
1020,3385.424,3386.675,1.251,15452
1021,3387.718,3391.096,3.378,30105
1022,3391.263,3392.556,1.293,9388
1023,3392.723,3395.475,2.752,25907
1024,3395.642,3398.061,2.419,35776
1025,3398.145,3400.230,2.085,30023
1026,3400.314,3401.315,1.001,9180
1027,3401.398,3403.150,1.752,27377
1028,3403.233,3405.652,2.419,24265
1029,3406.445,3408.030,1.585,17573
1030,3408.906,3409.907,1.001,10151
1031,3409.990,3411.408,1.418,20436
1032,3412.743,3414.828,2.085,30668
1033,3414.912,3416.121,1.209,17258
1034,3416.204,3417.372,1.168,14662
1035,3417.456,3418.665,1.209,15394
1036,3418.749,3420.375,1.626,13077
1037,3420.459,3423.003,2.544,21569
1038,3423.712,3425.088,1.376,15722
1039,3425.255,3426.256,1.001,6921
1040,3426.423,3428.884,2.461,31801
1041,3431.094,3432.095,1.001,10969
1042,3434.598,3436.183,1.585,17798
1043,3436.266,3437.768,1.502,8826
1044,3437.935,3439.061,1.126,12601
1045,3439.227,3441.188,1.961,31857
1046,3441.271,3443.231,1.960,24705
1047,3443.315,3445.567,2.252,28684
1048,3446.610,3447.736,1.126,16561
1049,3448.612,3451.573,2.961,34888
1050,3452.491,3453.951,1.460,15447
1051,3455.535,3457.579,2.044,20710
1052,3457.663,3459.706,2.043,27601
1053,3459.790,3462.042,2.252,33225
1054,3462.209,3463.919,1.710,24427
1055,3464.002,3465.921,1.919,26086
1056,3466.088,3468.799,2.711,28562
1057,3469.216,3471.176,1.960,24195
1058,3471.259,3472.260,1.001,17993
1059,3472.344,3474.346,2.002,26157
1060,3474.513,3475.514,1.001,5734
1061,3475.931,3478.600,2.669,26701
1062,3478.684,3480.268,1.584,13274
1063,3480.352,3481.520,1.168,7834
1064,3482.104,3486.108,4.004,34795
1065,3486.274,3488.068,1.794,12636
1066,3488.819,3492.739,3.920,28461
1067,3492.906,3495.450,2.544,32231
1068,3495.617,3498.787,3.170,34757
1069,3508.922,3509.923,1.001,28140
1070,3547.044,3548.920,1.876,20609
1071,3551.506,3552.507,1.001,13693
1072,3552.591,3553.592,1.001,13911
1073,3559.389,3560.640,1.251,19611
1074,3562.476,3564.770,2.294,26869
1075,3564.936,3567.939,3.003,26573
1076,3568.106,3570.400,2.294,24647
1077,3570.567,3573.195,2.628,23825
1078,3573.361,3575.322,1.961,23073
1079,3575.489,3578.825,3.336,30363
1080,3580.827,3584.164,3.337,23879
1081,3587.292,3588.293,1.001,3834
1082,3595.926,3597.135,1.209,17343
1083,3597.302,3600.263,2.961,29749
1084,3600.430,3603.600,3.170,35624
1085,3606.353,3607.854,1.501,8461
1086,3608.730,3612.526,3.796,21513
1087,3612.609,3615.654,3.045,15898
1088,3616.947,3620.826,3.879,27122
1089,3620.992,3624.621,3.629,22162
1090,3629.709,3631.002,1.293,9779
1091,3635.757,3637.509,1.752,26261
1092,3637.676,3640.011,2.335,14224
1093,3640.720,3641.721,1.001,6237
1094,3642.139,3645.142,3.003,26441
1095,3645.559,3646.852,1.293,9779
1096,3647.561,3648.895,1.334,27560
1097,3648.979,3652.023,3.044,32997
1098,3652.190,3655.235,3.045,22435
1099,3655.610,3658.446,2.836,29913
1100,3660.824,3661.908,1.084,19984
1101,3661.992,3663.285,1.293,20117
1102,3663.368,3664.828,1.460,17462
1103,3664.995,3665.996,1.001,15190
1104,3666.163,3668.290,2.127,21402
1105,3668.373,3669.374,1.001,9201
1106,3669.916,3671.501,1.585,16545
1107,3671.668,3674.421,2.753,29683
1108,3674.504,3676.423,1.919,30674
1109,3676.840,3678.717,1.877,25255
1110,3678.800,3680.051,1.251,23504
1111,3680.135,3681.136,1.001,3515
1112,3681.219,3682.220,1.001,8045
1113,3682.304,3684.097,1.793,26915
1114,3684.848,3686.433,1.585,16771
1115,3687.100,3688.185,1.085,26047
1116,3688.268,3689.269,1.001,15817
1117,3689.769,3691.771,2.002,21367
1118,3694.774,3695.775,1.001,10169
1119,3702.365,3704.534,2.169,25086
1120,3704.701,3706.203,1.502,11489
1121,3708.288,3709.497,1.209,6089
1122,3709.664,3712.000,2.336,26218
1123,3712.167,3713.501,1.334,13849
1124,3713.668,3714.920,1.252,9118
1125,3715.086,3716.338,1.252,21895
1126,3716.421,3719.049,2.628,24290
1127,3719.132,3720.258,1.126,5877
1128,3720.342,3722.886,2.544,32067
1129,3723.803,3725.972,2.169,25495
1130,3729.309,3730.310,1.001,10169
1131,3731.311,3732.729,1.418,20812
1132,3732.812,3735.273,2.461,24021
1133,3735.357,3736.816,1.459,11645
1134,3737.484,3738.693,1.209,11645
1135,3738.860,3740.779,1.919,8039
1136,3748.161,3749.162,1.001,10169
1137,3750.914,3751.998,1.084,18406
1138,3753.416,3755.168,1.752,19576
1139,3758.171,3759.965,1.794,16185
1140,3760.757,3762.175,1.418,13896
1141,3763.343,3765.053,1.710,11030
1142,3794.833,3795.875,1.042,10169
1143,3797.585,3799.838,2.253,21955
1144,3808.513,3810.015,1.502,11030
1145,3850.847,3852.807,1.960,16953
1146,3869.824,3871.451,1.627,15722
1147,3871.618,3872.619,1.001,7949
1148,3874.579,3877.040,2.461,10511
1149,3884.297,3885.590,1.293,11184
1150,3886.424,3888.176,1.752,14621
1151,3898.228,3900.772,2.544,23932
1152,3902.232,3904.109,1.877,16859
1153,3905.318,3907.529,2.211,20526
1154,3909.489,3911.032,1.543,16154
1155,3912.492,3913.493,1.001,6905
1156,3913.660,3915.870,2.210,21585
1157,3916.037,3918.081,2.044,10079
1158,3918.665,3921.126,2.461,23529
1159,3930.301,3932.303,2.002,19332
1160,3932.387,3933.847,1.460,25375
1161,3933.930,3935.515,1.585,19484
1162,3935.682,3939.436,3.754,35335
1163,3939.602,3942.480,2.878,32892
1164,3944.274,3945.984,1.710,12407
1165,3946.151,3947.986,1.835,11873
1166,3948.445,3950.238,1.793,17944
1167,3951.906,3953.783,1.877,19849
1168,3955.994,3958.830,2.836,22672
1169,3958.913,3961.583,2.670,24140
1170,3961.666,3963.918,2.252,24782
1171,3965.587,3969.966,4.379,40866
1172,3983.438,3985.648,2.210,31259
1173,3985.815,3988.067,2.252,25726
1174,3988.234,3990.445,2.211,19985
1175,3990.945,3992.113,1.168,10169
1176,3992.614,3994.491,1.877,30517
1177,4003.082,4005.001,1.919,21964
1178,4020.183,4022.727,2.544,26905
1179,4026.356,4028.191,1.835,27377
1180,4028.274,4029.275,1.001,11378
1181,4029.359,4031.194,1.835,11181
1182,4031.361,4033.488,2.127,14762
1183,4033.655,4034.948,1.293,5840
1184,4038.117,4040.495,2.378,18903
1185,4046.834,4049.087,2.253,31989
1186,4049.254,4053.049,3.795,29545
1187,4056.386,4058.137,1.751,17345
1188,4058.805,4061.933,3.128,18866
1189,4064.519,4065.603,1.084,21964
1190,4065.687,4066.729,1.042,15341
1191,4070.024,4072.068,2.044,19332
1192,4078.366,4080.785,2.419,33996
1193,4081.703,4083.121,1.418,25413
1194,4091.087,4093.256,2.169,30658
1195,4093.548,4096.801,3.253,28034
1196,4097.260,4099.345,2.085,26657
1197,4099.512,4101.931,2.419,24440
1198,4102.390,4103.641,1.251,10091
1199,4104.559,4107.812,3.253,24868
1200,4107.979,4110.481,2.502,24607
1201,4111.733,4113.318,1.585,13020
1202,4114.652,4118.239,3.587,37532
1203,4120.158,4121.909,1.751,18627
1204,4124.662,4126.289,1.627,14833
1205,4126.372,4128.625,2.253,24036
1206,4133.755,4136.674,2.919,30638
1207,4136.758,4138.551,1.793,26835
1208,4138.635,4140.345,1.710,16197
1209,4140.428,4142.055,1.627,35484
1210,4144.057,4145.141,1.084,11030
1211,4146.309,4147.310,1.001,4748
1212,4147.935,4150.104,2.169,16953
1213,4158.446,4160.281,1.835,13475
1214,4164.619,4165.787,1.168,13742
1215,4165.870,4167.872,2.002,18737
1216,4179.467,4180.468,1.001,13854
1217,4183.012,4185.014,2.002,30784
1218,4185.181,4187.058,1.877,15364
1219,4187.225,4188.267,1.042,9824
1220,4188.476,4189.644,1.168,11030
1221,4191.729,4192.897,1.168,10150
1222,4193.690,4195.900,2.210,24285
1223,4196.442,4197.902,1.460,19480
1224,4203.282,4204.992,1.710,7255
1225,4205.159,4207.995,2.836,28839
1226,4209.997,4212.083,2.086,22819
1227,4213.501,4216.629,3.128,36450
1228,4216.796,4218.381,1.585,22724
1229,4219.757,4220.967,1.210,6698
1230,4221.926,4223.386,1.460,12912
1231,4223.553,4225.012,1.459,19450
1232,4225.221,4226.681,1.460,17021
1233,4226.848,4228.474,1.626,14442
1234,4230.435,4232.061,1.626,16389
1235,4233.396,4236.023,2.627,23731
1236,4238.067,4241.529,3.462,33237
1237,4241.696,4243.948,2.252,18962
1238,4244.031,4245.450,1.419,18595
1239,4245.533,4247.952,2.419,22607
1240,4251.038,4252.290,1.252,24879
1241,4252.707,4254.459,1.752,20656
1242,4257.545,4258.546,1.001,8243
1243,4261.174,4263.384,2.210,23065
1244,4311.891,4312.892,1.001,6577
1245,4322.902,4324.570,1.668,18297
1246,4345.216,4346.884,1.668,15667
1247,4360.064,4362.275,2.211,14244
1248,4363.150,4365.319,2.169,21471
1249,4369.615,4370.741,1.126,11084
1250,4372.493,4374.871,2.378,29209
1251,4378.416,4379.792,1.376,14593
1252,4415.244,4417.580,2.336,31590
1253,4448.152,4449.612,1.460,5289
1254,4455.117,4457.411,2.294,31590
1255,4478.182,4479.308,1.126,10320
1256,4481.143,4482.478,1.335,16323
1257,4482.645,4483.646,1.001,9750
1258,4483.729,4485.314,1.585,16849
1259,4485.731,4487.984,2.253,20031
1260,4490.069,4491.195,1.126,14784
1261,4491.278,4493.531,2.253,20093
1262,4493.906,4496.158,2.252,24515
1263,4498.077,4500.454,2.377,31590
1264,4519.724,4520.891,1.167,17798
1265,4520.975,4523.060,2.085,36384
1266,4523.227,4526.230,3.003,37043
1267,4530.901,4533.112,2.211,23116
1268,4548.210,4549.420,1.210,15882
1269,4559.597,4562.224,2.627,36810
1270,4562.391,4565.853,3.462,30822
1271,4566.479,4568.773,2.294,23524
1272,4568.939,4571.067,2.128,23495
1273,4572.068,4573.069,1.001,12828
1274,4573.152,4574.779,1.627,20817
1275,4575.738,4577.656,1.918,24514
1276,4578.574,4582.953,4.379,29311
1277,4583.120,4586.332,3.212,21583
1278,4594.757,4596.509,1.752,13238
1279,4600.387,4602.389,2.002,23065
1280,4621.242,4622.910,1.668,24860
1281,4622.993,4624.495,1.502,12666
1282,4625.496,4627.540,2.044,27094
1283,4634.713,4637.299,2.586,29424
1284,4640.094,4641.470,1.376,15677
1285,4642.346,4645.266,2.920,21514
1286,4645.432,4648.185,2.753,18234
1287,4648.352,4649.937,1.585,17279
1288,4650.104,4651.730,1.626,13040
1289,4651.897,4653.566,1.669,14088
1290,4654.150,4657.153,3.003,30788
1291,4658.237,4659.947,1.710,17328
1292,4660.906,4664.577,3.671,31184
1293,4664.743,4667.496,2.753,26990
1294,4668.998,4669.999,1.001,5884
1295,4672.459,4674.962,2.503,25192
1296,4677.089,4679.633,2.544,20135
1297,4680.009,4683.429,3.420,32492
1298,4687.183,4689.351,2.168,21921
1299,4691.645,4694.106,2.461,25151
1300,4694.899,4697.943,3.044,18995
1301,4698.110,4700.571,2.461,31473
1302,4702.281,4705.367,3.086,25774
1303,4706.785,4708.913,2.128,17700
1304,4709.663,4713.375,3.712,29188
1305,4717.046,4718.756,1.710,21405
1306,4720.841,4722.468,1.627,21113
1307,4722.551,4725.346,2.795,28465
1308,4726.013,4727.473,1.460,10513
1309,4728.891,4731.143,2.252,21754
1310,4731.310,4732.937,1.627,17401
1311,4733.020,4735.147,2.127,21119
1312,4735.314,4739.526,4.212,30709
1313,4741.403,4746.742,5.339,30828
1314,4747.159,4749.036,1.877,14205
1315,4751.163,4754.875,3.712,27979
1316,4755.459,4757.795,2.336,24600
1317,4758.712,4759.880,1.168,11013
1318,4760.047,4763.050,3.003,32970
1319,4763.133,4764.677,1.544,11563
1320,4766.011,4767.930,1.919,14904
1321,4768.097,4770.808,2.711,30205
1322,4771.350,4775.604,4.254,36548
1323,4775.771,4778.399,2.628,27128
1324,4778.816,4781.610,2.794,29092
1325,4782.695,4784.655,1.960,13934
1326,4785.656,4788.575,2.919,28030
1327,4788.826,4790.369,1.543,16312
1328,4790.703,4792.162,1.459,3870
1329,4792.329,4794.707,2.378,19079
1330,4794.873,4797.835,2.962,26895
1331,4799.962,4801.839,1.877,13950
1332,4801.922,4803.215,1.293,10169
1333,4809.680,4811.890,2.210,24074
1334,4811.974,4813.976,2.002,18321
1335,4815.269,4818.022,2.753,24573
1336,4824.194,4825.696,1.502,14298
1337,4829.950,4831.493,1.543,15210
1338,4834.330,4835.497,1.167,26959
1339,4835.581,4837.249,1.668,18126
1340,4838.000,4839.543,1.543,26245
1341,4839.626,4840.878,1.252,15182
1342,4841.045,4842.338,1.293,16986
1343,4842.421,4844.048,1.627,21490
1344,4844.131,4846.342,2.211,33249
1345,4846.508,4847.968,1.460,23500
1346,4848.052,4849.386,1.334,21613
1347,4849.553,4850.971,1.418,16021
1348,4851.138,4853.515,2.377,32600
1349,4853.682,4855.684,2.002,17939
1350,4855.768,4857.102,1.334,20645
1351,4860.272,4861.940,1.668,27938
1352,4862.024,4863.067,1.043,13569
1353,4863.150,4864.401,1.251,17827
1354,4864.485,4866.362,1.877,20568
1355,4867.071,4868.614,1.543,11202
1356,4869.782,4873.118,3.336,25521
1357,4873.285,4875.496,2.211,18895
1358,4875.662,4877.164,1.502,17057
1359,4877.247,4878.457,1.210,22346
1360,4879.375,4881.293,1.918,29456
1361,4881.377,4882.378,1.001,22250
1362,4882.461,4883.545,1.084,18642
1363,4883.629,4885.756,2.127,27962
1364,4885.923,4887.758,1.835,25795
1365,4887.841,4889.802,1.961,17363
1366,4891.387,4892.388,1.001,7130
1367,4892.846,4895.099,2.253,14135
1368,4895.182,4898.185,3.003,31021
1369,4900.354,4901.772,1.418,21042
1370,4904.983,4905.984,1.001,20851
1371,4906.068,4906.944,0.876,13540
1372,4928.632,4930.968,2.336,14893
1373,4931.135,4933.095,1.960,19034
1374,4933.804,4936.640,2.836,23885
1375,4936.807,4939.184,2.377,25290
1376,4942.813,4946.066,3.253,22428
1377,4946.483,4947.484,1.001,7219
1378,4947.943,4949.653,1.710,9514
1379,4949.820,4953.490,3.670,31183
1380,4953.574,4956.118,2.544,23259
1381,4956.285,4959.246,2.961,24302
1382,4959.413,4963.000,3.587,24056
1383,4969.715,4971.842,2.127,21818
1384,4973.343,4975.512,2.169,12485
1385,4976.597,4980.392,3.795,33028
1386,4981.185,4982.644,1.459,14498
1387,4984.188,4985.981,1.793,16059
1388,4986.148,4988.108,1.960,12068
1389,4997.451,4998.494,1.043,14233
1390,5000.370,5003.373,3.003,28186
1391,5003.540,5005.334,1.794,16941
1392,5009.838,5011.256,1.418,9876
1393,5012.132,5014.092,1.960,21037
1394,5014.176,5016.178,2.002,13794
1395,5017.846,5019.806,1.960,23065
1396,5023.143,5024.144,1.001,3364
1397,5024.228,5026.271,2.043,29101
1398,5026.396,5027.397,1.001,9003
1399,5031.485,5032.986,1.501,14118
1400,5044.873,5046.291,1.418,16187
1401,5047.543,5048.544,1.001,5358
1402,5049.461,5051.046,1.585,9779
1403,5051.755,5052.756,1.001,13928
1404,5052.839,5054.216,1.377,20012
1405,5054.299,5055.592,1.293,11210
1406,5055.676,5056.802,1.126,19123
1407,5057.594,5058.971,1.377,10233
1408,5059.221,5060.472,1.251,19046
1409,5060.639,5062.015,1.376,21600
1410,5062.099,5063.100,1.001,10527
1411,5063.267,5064.393,1.126,23064
1412,5064.476,5065.561,1.085,17029
1413,5065.727,5066.895,1.168,21232
1414,5067.062,5069.314,2.252,29649
1415,5069.398,5071.275,1.877,26063
1416,5071.441,5073.777,2.336,15233
1417,5073.860,5075.737,1.877,9624
1418,5076.780,5078.991,2.211,20012
1419,5092.462,5094.298,1.836,15882
1420,5101.972,5103.640,1.668,26589
1421,5104.600,5106.643,2.043,17166
1422,5117.404,5118.405,1.001,12673
1423,5118.488,5120.115,1.627,5615
1424,5121.658,5122.868,1.210,7946
1425,5123.619,5124.870,1.251,9779
1426,5126.371,5127.581,1.210,29321
1427,5127.664,5129.708,2.044,19671
1428,5133.545,5134.796,1.251,10169
1429,5157.778,5158.862,1.084,8400
1430,5162.240,5163.325,1.085,13394
1431,5175.337,5177.506,2.169,23204
1432,5203.824,5205.909,2.085,16708
1433,5208.870,5211.123,2.253,22973
1434,5239.901,5241.486,1.585,10846
1435,5243.697,5245.449,1.752,17151
1436,5247.826,5249.411,1.585,17151
1437,5253.039,5254.207,1.168,9460
1438,5294.664,5296.875,2.211,21633
1439,5299.002,5300.420,1.418,12660
1440,5306.635,5309.054,2.419,35856
1441,5309.596,5311.389,1.793,24912
1442,5312.307,5313.308,1.001,3495
1443,5313.475,5316.061,2.586,27212
1444,5316.228,5317.229,1.001,7346
1445,5318.146,5319.147,1.001,5047
1446,5321.107,5323.485,2.378,17682
1447,5323.819,5327.030,3.211,18120
1448,5328.240,5330.408,2.168,10289
1449,5330.575,5332.077,1.502,15366
1450,5332.994,5334.996,2.002,22168
1451,5337.958,5341.336,3.378,25688
1452,5342.587,5344.339,1.752,12587
1453,5345.006,5346.591,1.585,9559
1454,5347.843,5350.470,2.627,25338
1455,5350.971,5352.013,1.042,9164
1456,5359.855,5361.982,2.127,23065
1457,5370.657,5373.451,2.794,24191
1458,5374.202,5376.371,2.169,21612
1459,5376.538,5378.540,2.002,26852
1460,5378.623,5379.708,1.085,17825
1461,5381.668,5382.711,1.043,7016
1462,5382.878,5384.629,1.751,22056
1463,5386.089,5387.674,1.585,17271
1464,5387.841,5389.885,2.044,17694
1465,5390.552,5391.720,1.168,14385
1466,5392.596,5394.097,1.501,16185
1467,5396.308,5397.726,1.418,29232
1468,5397.809,5399.603,1.794,15460
1469,5399.769,5401.146,1.377,12737
1470,5401.229,5402.689,1.460,19583
1471,5402.772,5407.319,4.547,26771
1472,5407.903,5409.362,1.459,16856
1473,5409.529,5412.032,2.503,24787
1474,5412.115,5413.909,1.794,12254
1475,5414.492,5415.952,1.460,6106
1476,5418.413,5419.414,1.001,9779
1477,5421.583,5422.834,1.251,28727
1478,5423.293,5425.420,2.127,24213
1479,5426.046,5427.213,1.167,5138
1480,5431.176,5434.596,3.420,24099
1481,5436.097,5437.390,1.293,10577
1482,5438.183,5439.184,1.001,6043
1483,5439.851,5443.688,3.837,23340
1484,5444.356,5446.524,2.168,20857
1485,5446.608,5447.859,1.251,7620
1486,5452.280,5453.990,1.710,12901
1487,5455.867,5457.827,1.960,9200
1488,5459.162,5462.123,2.961,31667
1489,5462.874,5464.751,1.877,12517
1490,5465.669,5467.295,1.626,14055
1491,5469.965,5471.174,1.209,10142
1492,5472.133,5475.512,3.379,32383
1493,5476.346,5478.306,1.960,18815
1494,5479.391,5481.393,2.002,16083
1495,5493.321,5494.322,1.001,13844
1496,5494.406,5495.949,1.543,25883
1497,5497.826,5498.952,1.126,10825
1498,5500.996,5502.122,1.126,17633
1499,5502.205,5503.289,1.084,4272
1500,5507.419,5509.045,1.626,15961
1501,5510.130,5511.131,1.001,9779
1502,5511.965,5513.633,1.668,29962
1503,5513.717,5515.593,1.876,19308
1504,5515.760,5516.928,1.168,14386
1505,5517.095,5518.555,1.460,24648
1506,5518.722,5520.181,1.459,18906
1507,5520.348,5522.642,2.294,32815
1508,5522.809,5524.185,1.376,40973
1509,5524.269,5525.353,1.084,22714
1510,5525.437,5526.438,1.001,25353
1511,5526.521,5527.522,1.001,9717
1512,5527.605,5529.774,2.169,30617
1513,5529.858,5530.942,1.084,19879
1514,5531.109,5532.110,1.001,16885
1515,5532.277,5533.862,1.585,22117
1516,5539.159,5540.326,1.167,12495
1517,5541.619,5543.246,1.627,12664
1518,5545.665,5547.542,1.877,17460
1519,5549.252,5551.254,2.002,20012
1520,5551.713,5553.214,1.501,14059
1521,5557.552,5560.055,2.503,37324
1522,5566.102,5568.188,2.086,14088
1523,5573.777,5576.988,3.211,25475
1524,5577.072,5578.198,1.126,10053
1525,5579.908,5580.992,1.084,9779
1526,5582.535,5585.330,2.795,30682
1527,5585.413,5586.414,1.001,27339
1528,5586.498,5588.291,1.793,17430
1529,5588.374,5589.751,1.377,17403
1530,5591.002,5592.128,1.126,9779
1531,5592.295,5594.130,1.835,33575
1532,5594.297,5595.381,1.084,10442
1533,5598.176,5599.302,1.126,9374
1534,5599.844,5600.929,1.085,8875
1535,5601.638,5603.223,1.585,13769
1536,5614.651,5615.944,1.293,15961
1537,5622.075,5623.576,1.501,14106
1538,5626.996,5628.039,1.043,13769
1539,5631.417,5632.418,1.001,6339
1540,5632.502,5633.753,1.251,17416
1541,5635.088,5636.422,1.334,8875
1542,5641.803,5643.930,2.127,18035
1543,5650.854,5652.397,1.543,20948
1544,5652.605,5653.690,1.085,10743
1545,5654.524,5655.608,1.084,20830
1546,5655.692,5656.693,1.001,9779
1547,5657.026,5658.111,1.085,14038
1548,5661.364,5662.365,1.001,5597
1549,5662.448,5663.700,1.252,9779
1550,5665.243,5667.370,2.127,20166
1551,5676.754,5678.047,1.293,17895
1552,5682.343,5683.553,1.210,10169
1553,5689.684,5690.977,1.293,14545
1554,5700.862,5702.030,1.168,14717
1555,5704.490,5705.617,1.127,8875
1556,5706.576,5708.620,2.044,16961
1557,5710.455,5712.081,1.626,20999
1558,5713.166,5714.167,1.001,11842
1559,5715.835,5717.545,1.710,19010
1560,5719.839,5721.132,1.293,10627
1561,5726.221,5727.222,1.001,6339
1562,5728.348,5730.350,2.002,17633
1563,5731.643,5732.810,1.167,13359
1564,5734.354,5735.355,1.001,15224
1565,5745.406,5746.407,1.001,14649
1566,5748.451,5750.703,2.252,30447
1567,5751.246,5752.247,1.001,6339
1568,5752.914,5753.998,1.084,11861
1569,5763.174,5764.425,1.251,10627
1570,5766.511,5767.512,1.001,9779
1571,5778.106,5779.524,1.418,7793
1572,5786.406,5787.448,1.042,21198
1573,5787.532,5788.533,1.001,17756
1574,5806.301,5807.302,1.001,8843
1575,5810.054,5811.431,1.377,13936
1576,5814.434,5815.935,1.501,25703
1577,5816.019,5817.020,1.001,23573
1578,5817.103,5818.688,1.585,31628
1579,5829.240,5831.492,2.252,13176
1580,5835.496,5836.497,1.001,15493
1581,5836.581,5837.957,1.376,11098
1582,5838.041,5839.709,1.668,16909
1583,5839.792,5841.961,2.169,21933
1584,5845.882,5847.091,1.209,9179
1585,5851.471,5853.139,1.668,22458
1586,5853.931,5855.475,1.544,21871
1587,5855.558,5856.559,1.001,4422
1588,5856.642,5858.644,2.002,15869
1589,5860.480,5861.606,1.126,10053
1590,5861.689,5862.774,1.085,12973
1591,5862.857,5864.567,1.710,15461
1592,5870.073,5871.157,1.084,8875
1593,5871.240,5872.700,1.460,12872
1594,5876.954,5878.956,2.002,15332
1595,5929.757,5931.092,1.335,12664
1596,5933.678,5934.679,1.001,9779
1597,5935.012,5936.556,1.544,20138
1598,5940.435,5941.519,1.084,18052
1599,5945.565,5946.732,1.167,12409
1600,5946.816,5949.485,2.669,20828
1601,5949.652,5952.905,3.253,29549
1602,5953.072,5956.033,2.961,30945
1603,5956.993,5957.994,1.001,19861
1604,5958.995,5959.996,1.001,15447
1605,5960.455,5962.165,1.710,16570
1606,5962.498,5965.209,2.711,21065
1607,5965.960,5967.503,1.543,12942
1608,5967.587,5968.671,1.084,8661
1609,5970.840,5972.425,1.585,12615
1610,5972.675,5973.676,1.001,6774
1611,5974.385,5975.386,1.001,3880
1612,5978.556,5980.099,1.543,15224
1613,5980.850,5982.727,1.877,6215
1614,5983.644,5985.646,2.002,19448
1615,5987.523,5989.484,1.961,13763
1616,5989.567,5991.611,2.044,21586
1617,5991.694,5993.112,1.418,6215
1618,5993.696,5994.864,1.168,6774
1619,5995.573,5996.699,1.126,9779
1620,5996.782,5998.201,1.419,9824
1621,5998.618,5999.744,1.126,14554
1622,6002.413,6003.748,1.335,15864
1623,6003.915,6005.208,1.293,6215
1624,6005.583,6007.418,1.835,17936
1625,6008.711,6009.879,1.168,9779
1626,6012.715,6014.842,2.127,33559
1627,6014.926,6017.136,2.210,22517
1628,6017.970,6019.931,1.961,22390
1629,6024.977,6027.230,2.253,21968
1630,6055.550,6060.721,5.171,30576
1631,6067.353,6069.021,1.668,13197
1632,6069.188,6073.109,3.921,28482
1633,6075.069,6076.904,1.835,25783
1634,6077.071,6078.322,1.251,13036
1635,6080.199,6081.909,1.710,15715
1636,6082.076,6084.370,2.294,24585
1637,6084.537,6085.955,1.418,10720
1638,6088.416,6090.626,2.210,23382
1639,6094.463,6096.215,1.752,24954
1640,6096.299,6098.092,1.793,12980
1641,6099.510,6102.763,3.253,29723
1642,6102.930,6104.432,1.502,9795
1643,6104.599,6107.768,3.169,25347
1644,6108.436,6110.104,1.668,15989
1645,6111.105,6112.148,1.043,10199
1646,6114.317,6115.318,1.001,7617
1647,6117.236,6119.905,2.669,24775
1648,6120.656,6123.909,3.253,23082
1649,6127.038,6128.956,1.918,22705
1650,6129.040,6131.500,2.460,21458
1651,6133.377,6135.087,1.710,15936
1652,6136.714,6138.633,1.919,14269
1653,6140.843,6143.012,2.169,18894
1654,6144.138,6146.390,2.252,20834
1655,6148.476,6150.186,1.710,15921
1656,6151.312,6152.313,1.001,5473
1657,6153.731,6155.733,2.002,22667
1658,6157.610,6160.571,2.961,29636
1659,6164.075,6165.743,1.668,19231
1660,6179.632,6180.633,1.001,7620
1661,6200.569,6201.779,1.210,15483
1662,6201.862,6203.739,1.877,21037
1663,6204.615,6206.534,1.919,23845
1664,6206.701,6207.702,1.001,22106
1665,6207.868,6210.538,2.670,11212
1666,6210.955,6212.957,2.002,31790
1667,6213.040,6214.208,1.168,17515
1668,6214.291,6217.253,2.962,37572
1669,6217.878,6219.463,1.585,25368
1670,6219.547,6221.590,2.043,24457
1671,6221.674,6223.259,1.585,24547
1672,6224.135,6225.136,1.001,3601
1673,6225.511,6226.846,1.335,16160
1674,6226.929,6228.931,2.002,21933
1675,6229.014,6232.184,3.170,33580
1676,6232.393,6234.019,1.626,27798
1677,6234.186,6237.690,3.504,39724
1678,6237.773,6238.941,1.168,10150
1679,6240.109,6242.278,2.169,16097
1680,6242.570,6244.572,2.002,13081
1681,6244.739,6245.740,1.001,7644
1682,6245.906,6247.032,1.126,13023
1683,6247.199,6248.868,1.669,19622
1684,6249.034,6252.872,3.838,30174
1685,6252.955,6255.624,2.669,29615
1686,6255.791,6257.168,1.377,14531
1687,6257.585,6258.878,1.293,9187
1688,6259.044,6260.087,1.043,8714
1689,6260.254,6262.965,2.711,36136
1690,6263.466,6265.092,1.626,21421
1691,6265.176,6267.219,2.043,19436
1692,6267.386,6269.013,1.627,17896
1693,6269.180,6270.598,1.418,24687
1694,6270.681,6273.893,3.212,36993
1695,6274.143,6278.439,4.296,20682
1696,6281.275,6282.943,1.668,10982
1697,6283.319,6284.945,1.626,15441
1698,6287.823,6290.993,3.170,31582
1699,6292.286,6294.747,2.461,29301
1700,6297.082,6299.460,2.378,25931
1701,6299.627,6301.796,2.169,28668
1702,6301.962,6305.382,3.420,34948
1703,6306.133,6308.135,2.002,24594
1704,6317.853,6319.188,1.335,13253
1705,6320.940,6323.526,2.586,28403
1706,6324.026,6326.028,2.002,19415
1707,6341.293,6342.837,1.544,6485
1708,6343.003,6345.631,2.628,28869
1709,6345.798,6347.591,1.793,21855
1710,6347.675,6349.385,1.710,20661
1711,6352.096,6354.056,1.960,20826
1712,6354.640,6355.933,1.293,14096
1713,6359.228,6361.981,2.753,29676
1714,6363.232,6365.484,2.252,28312
1715,6365.568,6366.694,1.126,13076
1716,6366.861,6368.153,1.292,19586
1717,6369.780,6371.782,2.002,24914
1718,6372.449,6374.869,2.420,24366
1719,6375.035,6376.161,1.126,16965
1720,6392.761,6394.889,2.128,11911
1721,6395.514,6397.141,1.627,14487
1722,6397.808,6399.977,2.169,18808
1723,6400.561,6402.396,1.835,12947
1724,6403.230,6404.732,1.502,17817
1725,6406.442,6407.651,1.209,12556
1726,6407.735,6409.069,1.334,20846
1727,6409.236,6411.447,2.211,26055
1728,6411.614,6414.283,2.669,29163
1729,6414.783,6415.784,1.001,22301
1730,6415.868,6416.869,1.001,21613
1731,6416.952,6418.662,1.710,12388
1732,6418.746,6419.747,1.001,12789
1733,6419.914,6422.333,2.419,23172
1734,6422.416,6425.336,2.920,23176
1735,6425.502,6427.046,1.544,12583
1736,6427.212,6431.008,3.796,26383
1737,6432.343,6433.344,1.001,13085
1738,6433.427,6434.637,1.210,13911
1739,6435.054,6436.221,1.167,14604
1740,6436.931,6441.435,4.504,18086
1741,6442.269,6445.898,3.629,17347
1742,6446.357,6449.902,3.545,26626
1743,6449.985,6452.279,2.294,15599
1744,6452.363,6455.032,2.669,18785
1745,6455.115,6456.867,1.752,16354
1746,6456.951,6458.869,1.918,17406
1747,6458.953,6461.747,2.794,31070
1748,6461.914,6463.290,1.376,11062
1749,6463.457,6465.042,1.585,17645
1750,6465.125,6466.877,1.752,25155
1751,6467.044,6469.713,2.669,35939
1752,6470.589,6472.383,1.794,27757
1753,6472.466,6473.717,1.251,19823
1754,6473.884,6475.636,1.752,25766
1755,6475.803,6477.721,1.918,25011
1756,6477.805,6479.348,1.543,16810
1757,6479.515,6481.558,2.043,25014
1758,6481.642,6482.768,1.126,14003
1759,6483.102,6484.353,1.251,8165
1760,6484.436,6487.648,3.212,31772
1761,6487.731,6489.274,1.543,19456
1762,6489.441,6490.526,1.085,14720
1763,6490.693,6491.860,1.167,3870
1764,6493.362,6495.280,1.918,21078
1765,6496.115,6498.117,2.002,32339
1766,6498.283,6499.827,1.544,17852
1767,6499.910,6501.829,1.919,27613
1768,6503.664,6504.665,1.001,17443
1769,6504.748,6506.166,1.418,24733
1770,6506.333,6507.418,1.085,8115
1771,6507.584,6511.046,3.462,41664
1772,6511.213,6513.674,2.461,32757
1773,6517.594,6519.888,2.294,31323
1774,6520.222,6521.473,1.251,16719
1775,6524.518,6527.855,3.337,33735
1776,6528.022,6530.441,2.419,9402
1777,6530.941,6533.110,2.169,17171
1778,6534.194,6535.571,1.377,14594
1779,6536.196,6537.865,1.669,19567
1780,6539.742,6540.743,1.001,8157
1781,6540.909,6541.952,1.043,3870
1782,6543.287,6545.664,2.377,27659
1783,6545.831,6547.291,1.460,18955
1784,6547.458,6548.917,1.459,12836
1785,6549.001,6550.252,1.251,9779
1786,6551.837,6554.048,2.211,32848
1787,6554.214,6556.675,2.461,27606
1788,6558.510,6559.720,1.210,5585
1789,6559.803,6562.347,2.544,17406
1790,6562.431,6564.224,1.793,12882
1791,6564.308,6565.517,1.209,5179
1792,6566.185,6567.352,1.167,3870
1793,6568.979,6570.564,1.585,22400
1794,6572.691,6574.651,1.960,28614
1795,6574.818,6576.487,1.669,20718
1796,6576.653,6579.198,2.545,21312
1797,6579.281,6580.741,1.460,18441
1798,6581.784,6582.951,1.167,12752
1799,6583.243,6585.996,2.753,23072
1800,6586.080,6588.624,2.544,21487
1801,6588.707,6590.125,1.418,11451
1802,6590.209,6592.711,2.502,20930
1803,6593.212,6596.340,3.128,22473
1804,6597.007,6599.218,2.211,25389
1805,6599.384,6601.804,2.420,18247
1806,6602.513,6605.349,2.836,17406
1807,6605.808,6607.351,1.543,19167
1808,6608.227,6610.062,1.835,19167
1809,6612.022,6613.649,1.627,13742
1810,6613.732,6615.776,2.044,17406
1811,6615.859,6618.362,2.503,12882
1812,6618.445,6620.948,2.503,24169
1813,6621.031,6623.826,2.795,14211
1814,6626.453,6627.454,1.001,5996
1815,6628.997,6630.457,1.460,17968
1816,6631.083,6633.377,2.294,16065
1817,6633.752,6636.421,2.669,34994
1818,6640.467,6641.718,1.251,9779
1819,6643.720,6646.014,2.294,33802
1820,6647.141,6648.684,1.543,20097
1821,6652.729,6653.730,1.001,3601
1822,6655.023,6657.985,2.962,19417
1823,6658.777,6659.945,1.168,3870
1824,6660.112,6662.030,1.918,17039
1825,6663.282,6667.494,4.212,27753
1826,6667.578,6673.000,5.422,32878
1827,6673.458,6675.794,2.336,18802
1828,6680.924,6683.177,2.253,16924
1829,6686.305,6687.764,1.459,19683
1830,6687.848,6688.932,1.084,10158
1831,6693.103,6694.813,1.710,24427
1832,6695.606,6696.857,1.251,12536
1833,6703.197,6704.448,1.251,10322
1834,6705.991,6707.159,1.168,9779
1835,6708.285,6709.703,1.418,13071
1836,6711.914,6712.998,1.084,24471
1837,6713.081,6714.374,1.293,20478
1838,6715.000,6716.084,1.084,12196
1839,6716.168,6718.170,2.002,26381
1840,6728.513,6730.349,1.836,27655
1841,6730.515,6731.516,1.001,3515
1842,6732.100,6734.144,2.044,23668
1843,6734.311,6736.355,2.044,24908
1844,6736.939,6738.482,1.543,11768
1845,6739.566,6740.609,1.043,9896
1846,6741.151,6742.402,1.251,5555
1847,6743.570,6745.405,1.835,21814
1848,6746.907,6749.076,2.169,11609
1849,6750.369,6754.206,3.837,19597
1850,6754.581,6757.626,3.045,28187
1851,6758.043,6760.462,2.419,22766
1852,6764.716,6766.051,1.335,9779
1853,6769.805,6772.057,2.252,24023
1854,6774.309,6775.310,1.001,12695
1855,6777.646,6778.981,1.335,19850
1856,6780.649,6782.192,1.543,28060
1857,6782.276,6783.986,1.710,12421
1858,6790.284,6791.285,1.001,14104
1859,6811.930,6813.432,1.502,9179
1860,6813.515,6815.851,2.336,20492
1861,6839.750,6840.751,1.001,16055
1862,6854.097,6855.349,1.252,7734
1863,6855.932,6857.100,1.168,7392
1864,6857.476,6858.477,1.001,5063
1865,6858.560,6861.396,2.836,26123
1866,6863.190,6864.441,1.251,9651
1867,6864.608,6867.486,2.878,24372
1868,6867.652,6869.321,1.669,18672
1869,6870.322,6872.282,1.960,23277
1870,6873.241,6875.160,1.919,29678
1871,6875.243,6876.244,1.001,7065
1872,6879.373,6880.374,1.001,3515
1873,6881.124,6882.376,1.252,19085
1874,6884.086,6885.462,1.376,16606
1875,6886.296,6887.798,1.502,12066
1876,6888.173,6889.674,1.501,13318
1877,6892.552,6893.553,1.001,4605
1878,6895.097,6897.057,1.960,21304
1879,6898.975,6900.936,1.961,22771
1880,6901.103,6902.270,1.167,13767
1881,6903.730,6905.482,1.752,15269
1882,6905.649,6907.192,1.543,15487
1883,6908.693,6909.903,1.210,11342
1884,6910.737,6912.239,1.502,16281
1885,6913.323,6914.324,1.001,9918
1886,6914.491,6915.492,1.001,3515
1887,6915.575,6916.618,1.043,14890
1888,6916.701,6918.245,1.544,27335
1889,6919.663,6921.164,1.501,23907
1890,6921.248,6923.625,2.377,29887
1891,6924.668,6925.669,1.001,7443
1892,6925.836,6928.088,2.252,27060
1893,6929.172,6930.173,1.001,13255
1894,6930.257,6932.092,1.835,16793
1895,6932.426,6934.094,1.668,20811
1896,6934.594,6937.848,3.254,27245
1897,6938.014,6940.267,2.253,26247
1898,6940.434,6942.269,1.835,18267
1899,6943.437,6944.771,1.334,10531
1900,6945.313,6946.690,1.377,12773
1901,6946.857,6948.692,1.835,21642
1902,6948.859,6950.444,1.585,20916
1903,6950.527,6952.362,1.835,20034
1904,6953.738,6956.408,2.670,20229
1905,6957.909,6959.661,1.752,18003
1906,6960.370,6962.289,1.919,19943
1907,6963.874,6966.543,2.669,15191
1908,6968.712,6971.047,2.335,28331
1909,6973.175,6974.843,1.668,13199
1910,6980.515,6982.642,2.127,26103
1911,6982.809,6984.895,2.086,15695
1912,6985.604,6986.730,1.126,6626
1913,6988.398,6989.483,1.085,6577
1914,6989.566,6990.567,1.001,14845
1915,6990.984,6992.652,1.668,9624
1916,6992.736,6993.904,1.168,9779
1917,6996.448,6997.532,1.084,21550
1918,7003.038,7004.039,1.001,5793
1919,7007.292,7008.293,1.001,9779
1920,7008.919,7010.337,1.418,14870
1921,7010.504,7012.631,2.127,16726
1922,7015.759,7018.136,2.377,29376
1923,7018.220,7019.763,1.543,24546
1924,7019.846,7021.681,1.835,17474
1925,7021.765,7023.808,2.043,26754
1926,7023.975,7025.519,1.544,24149
1927,7025.602,7026.728,1.126,7480
1928,7029.481,7030.941,1.460,19803
1929,7033.818,7035.111,1.293,8074
1930,7039.449,7040.784,1.335,17257
1931,7048.208,7049.251,1.043,5714
1932,7050.794,7052.254,1.460,17230
1933,7055.507,7057.717,2.210,19415
1934,7071.147,7073.483,2.336,22973
1935,7083.868,7085.870,2.002,34805
1936,7085.954,7087.581,1.627,20321
1937,7087.747,7088.748,1.001,7436
1938,7089.624,7091.876,2.252,10834
1939,7092.043,7095.255,3.212,34752
1940,7095.338,7096.339,1.001,7993
1941,7097.173,7098.675,1.502,15882
1942,7104.806,7107.017,2.211,22973
1943,7120.405,7122.699,2.294,27342
1944,7133.668,7135.128,1.460,18613
1945,7137.047,7139.382,2.335,15478
1946,7142.510,7144.512,2.002,16092
1947,7144.596,7146.097,1.501,17688
1948,7153.021,7154.314,1.293,16541
1949,7156.232,7157.525,1.293,16967
1950,7158.234,7161.237,3.003,30914
1951,7161.321,7164.324,3.003,39604
1952,7168.370,7170.538,2.168,23334
1953,7179.089,7181.508,2.419,27070
1954,7183.968,7185.428,1.460,14227
1955,7187.931,7189.474,1.543,15238
1956,7191.142,7192.977,1.835,21444
1957,7194.979,7195.980,1.001,6682
1958,7197.774,7199.776,2.002,15545
1959,7199.943,7203.530,3.587,33830
1960,7204.114,7205.824,1.710,16331
1961,7205.990,7207.534,1.544,16252
1962,7207.701,7210.036,2.335,16053
1963,7210.203,7211.621,1.418,12718
1964,7211.705,7213.164,1.459,15658
1965,7214.457,7217.210,2.753,23641
1966,7217.377,7220.422,3.045,32772
1967,7223.174,7225.593,2.419,23815
1968,7226.052,7228.012,1.960,26954
1969,7228.179,7230.515,2.336,24766
1970,7230.682,7232.475,1.793,22451
1971,7232.642,7233.852,1.210,8766
1972,7234.018,7235.729,1.711,20948
1973,7235.812,7238.481,2.669,18057
1974,7238.648,7239.858,1.210,10151
1975,7240.024,7242.152,2.128,15662
1976,7242.736,7243.737,1.001,6237
1977,7243.820,7245.822,2.002,32892
1978,7245.989,7247.866,1.877,21148
1979,7248.116,7249.617,1.501,19225
1980,7250.034,7251.411,1.377,14828
1981,7251.578,7255.290,3.712,27603
1982,7256.666,7257.667,1.001,19550
1983,7265.425,7266.760,1.335,23672
1984,7268.178,7271.264,3.086,26505
1985,7271.431,7273.767,2.336,22967
1986,7273.933,7276.186,2.253,25525
1987,7276.603,7279.939,3.336,24487
1988,7280.106,7282.734,2.628,21182
1989,7282.817,7283.985,1.168,14430
1990,7284.527,7286.863,2.336,28373
1991,7287.030,7288.406,1.376,16918
1992,7289.407,7293.495,4.088,12401
1993,7295.497,7298.708,3.211,30529
1994,7299.959,7300.960,1.001,5473
1995,7304.172,7305.882,1.710,15946
1996,7308.510,7310.261,1.751,10013
1997,7318.228,7320.522,2.294,20138
1998,7320.605,7323.650,3.045,27657
1999,7324.567,7326.569,2.002,23678
2000,7327.654,7329.948,2.294,16920
2001,7333.117,7334.619,1.502,10297
2002,7335.662,7336.663,1.001,8873
2003,7338.373,7342.252,3.879,25561
2004,7343.670,7344.963,1.293,10591
2005,7345.129,7348.216,3.087,17516
2006,7351.553,7352.804,1.251,10276
2007,7355.515,7357.058,1.543,16902
2008,7359.143,7362.021,2.878,19000
2009,7362.188,7364.899,2.711,20546
2010,7368.903,7370.572,1.669,22015
2011,7378.121,7379.289,1.168,9779
2012,7384.002,7385.128,1.126,8875
2013,7386.838,7388.464,1.626,25710
2014,7391.050,7393.261,2.211,27249
2015,7414.282,7415.283,1.001,7584
2016,7415.450,7416.451,1.001,10617
2017,7419.078,7420.288,1.210,11712
2018,7421.956,7425.168,3.212,32326
2019,7428.004,7430.340,2.336,13572
2020,7432.133,7433.551,1.418,12860
2021,7433.635,7434.636,1.001,9779
2022,7435.803,7437.221,1.418,13238
2023,7439.015,7441.517,2.502,33136
2024,7441.684,7444.729,3.045,27050
2025,7449.901,7451.611,1.710,19755
2026,7451.694,7454.197,2.503,24295
2027,7454.781,7456.658,1.877,15713
2028,7456.824,7458.284,1.460,15868
2029,7460.536,7461.913,1.377,10009
2030,7467.293,7469.212,1.919,10169
2031,7476.427,7478.388,1.961,20166
2032,7490.149,7491.609,1.460,13384
2033,7492.360,7494.362,2.002,21933
2034,7502.286,7503.830,1.544,29547
2035,7511.504,7513.256,1.752,19593
2036,7515.842,7517.844,2.002,19561
2037,7524.142,7526.602,2.460,19025
2038,7534.777,7535.862,1.085,14649
2039,7537.280,7538.448,1.168,6339
2040,7541.784,7543.119,1.335,11432
2041,7545.538,7547.373,1.835,14118
2042,7551.294,7552.587,1.293,18580
2043,7555.381,7556.716,1.335,10627
2044,7559.010,7560.344,1.334,13918
2045,7564.140,7565.808,1.668,21824
2046,7568.436,7570.980,2.544,19936
2047,7572.774,7574.692,1.918,18618
2048,7575.068,7576.569,1.501,6339
2049,7580.823,7582.533,1.710,24035
2050,7583.951,7585.995,2.044,20999
2051,7586.079,7587.497,1.418,8653
2052,7588.664,7589.874,1.210,11525
2053,7589.957,7591.709,1.752,10086
2054,7598.091,7599.342,1.251,10838
2055,7602.053,7603.304,1.251,17338
2056,7603.805,7605.473,1.668,19010
2057,7607.433,7608.434,1.001,13329
2058,7609.060,7611.145,2.085,24452
2059,7618.236,7619.237,1.001,11909
2060,7622.740,7623.991,1.251,15081
2061,7626.661,7628.412,1.751,35426
2062,7628.913,7630.164,1.251,25256
2063,7630.248,7631.707,1.459,25991
2064,7631.874,7633.835,1.961,22953
2065,7634.877,7636.003,1.126,11292
2066,7639.632,7640.633,1.001,7835
2067,7642.218,7643.469,1.251,8875
2068,7645.096,7646.472,1.376,10448
2069,7647.140,7648.349,1.209,10245
2070,7649.308,7650.476,1.168,9760
2071,7653.980,7655.565,1.585,6209
2072,7668.327,7669.370,1.043,7446
2073,7669.787,7670.788,1.001,14649
2074,7675.710,7677.044,1.334,15436
2075,7684.594,7686.137,1.543,17633
2076,7686.220,7687.597,1.377,14240
2077,7688.097,7691.601,3.504,31246
2078,7692.268,7695.271,3.003,25367
2079,7698.149,7700.359,2.210,18974
2080,7704.697,7705.698,1.001,16099
2081,7706.449,7707.742,1.293,17306
2082,7711.746,7713.456,1.710,14939
2083,7713.539,7714.832,1.293,17094
2084,7714.916,7716.083,1.167,9779
2085,7718.920,7720.004,1.084,7823
2086,7720.963,7722.465,1.502,22271
2087,7722.673,7724.800,2.127,21914
2088,7728.179,7729.180,1.001,7810
2089,7730.848,7732.850,2.002,15882
2090,7742.318,7743.444,1.126,8875
2091,7745.571,7747.406,1.835,19936
2092,7751.953,7753.162,1.209,9634
2093,7754.247,7756.165,1.918,28870
2094,7756.249,7758.125,1.876,23877
2095,7759.293,7761.754,2.461,32779
2096,7780.356,7781.857,1.501,12355
2097,7796.247,7798.332,2.085,18119
2098,7798.416,7800.167,1.751,13769
2099,7807.425,7809.302,1.877,23835
2100,7811.512,7813.431,1.919,17633
2101,7813.973,7816.142,2.169,31442
2102,7816.225,7818.269,2.044,33606
2103,7819.812,7820.813,1.001,6106
2104,7820.980,7822.231,1.251,11874
2105,7822.356,7823.357,1.001,16964
2106,7823.441,7824.442,1.001,5671
2107,7824.525,7825.609,1.084,15474
2108,7825.693,7826.694,1.001,6471
2109,7826.777,7828.154,1.377,15627
2110,7832.742,7834.118,1.376,31368
2111,7839.040,7840.082,1.042,19493
2112,7840.791,7842.001,1.210,13953
2113,7843.711,7845.713,2.002,20633
2114,7848.549,7850.259,1.710,25124
2115,7850.343,7851.886,1.543,18590
2116,7851.969,7852.970,1.001,15159
2117,7853.054,7854.430,1.376,24381
2118,7854.513,7855.931,1.418,26036
2119,7856.015,7857.016,1.001,12813
2120,7858.559,7859.935,1.376,12728
2121,7861.896,7863.147,1.251,12598
2122,7863.230,7864.732,1.502,8875
2123,7871.113,7872.114,1.001,26161
2124,7872.198,7873.824,1.626,11292
2125,7875.826,7877.119,1.293,16827
2126,7888.047,7890.049,2.002,14404
2127,7893.302,7894.845,1.543,13594
2128,7899.141,7900.518,1.377,12569
2129,7902.812,7904.814,2.002,20725
2130,7905.439,7906.607,1.168,10169
2131,7910.152,7911.445,1.293,6339
2132,7911.529,7912.988,1.459,12569
2133,7931.924,7932.925,1.001,11795
2134,7934.552,7935.553,1.001,21525
2135,7935.636,7936.720,1.084,6790
2136,7939.640,7942.017,2.377,20179
2137,7948.649,7950.067,1.418,20561
2138,7950.901,7951.902,1.001,12097
2139,7952.319,7953.362,1.043,7862
2140,7953.446,7954.530,1.084,13329
2141,7955.030,7956.490,1.460,9179
2142,7958.033,7959.285,1.252,12158
2143,7961.078,7962.455,1.377,14106
2144,7969.920,7971.964,2.044,18544
2145,7972.047,7974.341,2.294,17633
2146,7975.092,7976.677,1.585,14407
2147,7977.678,7979.138,1.460,9179
2148,7989.356,7990.357,1.001,8875
2149,8001.035,8002.036,1.001,10169
2150,8011.962,8013.255,1.293,11834
2151,8014.465,8016.634,2.169,25876
2152,8022.973,8024.266,1.293,14106
2153,8032.942,8034.568,1.626,26161
2154,8034.652,8035.819,1.167,10838
2155,8040.908,8042.117,1.209,20559
2156,8046.789,8048.165,1.376,11292
2157,8052.211,8053.295,1.084,11142
2158,8054.171,8055.381,1.210,17180
2159,8058.676,8060.219,1.543,9003
2160,8063.764,8064.890,1.126,20584
2161,8064.974,8066.392,1.418,17039
2162,8066.475,8067.851,1.376,16735
2163,8069.103,8071.355,2.252,28710
2164,8083.242,8084.368,1.126,16984
2165,8085.995,8087.746,1.751,32559
2166,8087.830,8089.456,1.626,19064
2167,8089.540,8091.250,1.710,20091
2168,8092.167,8093.252,1.085,6963
2169,8093.419,8095.671,2.252,28076
2170,8098.674,8100.050,1.376,11210
2171,8106.640,8108.225,1.585,8843
2172,8109.310,8111.145,1.835,26047
2173,8111.228,8112.229,1.001,13904
2174,8112.313,8114.064,1.751,15563
2175,8114.148,8116.483,2.335,27872
2176,8120.446,8122.281,1.835,21878
2177,8125.784,8127.202,1.418,16287
2178,8127.745,8129.288,1.543,10015
2179,8131.790,8132.833,1.043,10169
2180,8134.585,8136.420,1.835,20531
2181,8142.176,8144.261,2.085,12838
2182,8149.892,8151.185,1.293,34859
2183,8151.268,8152.269,1.001,12627
2184,8152.353,8153.687,1.334,16169
2185,8153.854,8154.897,1.043,6626
2186,8155.064,8156.607,1.543,12441
2187,8158.025,8160.027,2.002,18701
2188,8160.694,8163.238,2.544,20214
2189,8163.864,8165.532,1.668,19095
2190,8166.950,8168.160,1.210,8875
2191,8170.621,8172.998,2.377,10627
2192,8176.752,8178.879,2.127,14751
2193,8192.184,8193.310,1.126,13329
2194,8202.152,8203.362,1.210,10169
2195,8206.699,8208.409,1.710,35267
2196,8209.368,8210.411,1.043,10053
2197,8217.376,8219.211,1.835,15973
2198,8221.422,8222.423,1.001,14649
2199,8228.137,8230.139,2.002,15587
2200,8235.686,8236.770,1.084,8400
2201,8238.647,8240.274,1.627,9179
2202,8243.360,8244.361,1.001,8312
2203,8244.445,8246.071,1.626,15587
2204,8246.155,8248.240,2.085,15667
2205,8261.837,8264.047,2.210,19846
2206,8284.693,8287.237,2.544,22225
2207,8317.059,8318.560,1.501,12957
2208,8320.103,8321.104,1.001,18323
2209,8324.066,8325.359,1.293,7905
2210,8325.734,8327.277,1.543,8923
2211,8334.117,8335.118,1.001,5091
2212,8336.328,8338.664,2.336,25940
2213,8338.831,8341.083,2.252,18843
2214,8341.250,8342.251,1.001,5091
2215,8343.502,8345.212,1.710,16562
2216,8349.299,8351.635,2.336,19236
2217,8352.094,8354.721,2.627,23850
2218,8363.522,8364.731,1.209,10169
2219,8373.699,8375.534,1.835,29982
2220,8388.213,8390.173,1.960,22794
2221,8398.515,8400.684,2.169,25173
2222,8408.483,8410.068,1.585,12723
2223,8410.736,8412.613,1.877,22043
2224,8413.071,8414.656,1.585,23323
2225,8419.870,8422.080,2.210,25173
2226,8437.304,8438.805,1.501,36791
2227,8438.889,8440.515,1.626,16770
2228,8443.894,8446.104,2.210,22143
2229,8450.067,8452.694,2.627,16770
2230,8452.778,8457.199,4.421,22185
2231,8457.282,8458.951,1.669,20263
2232,8459.034,8460.535,1.501,13024
2233,8462.245,8464.915,2.670,25449
2234,8467.000,8469.586,2.586,26878
2235,8470.003,8471.838,1.835,16447
2236,8472.547,8476.385,3.838,22473
2237,8476.468,8479.262,2.794,20263
2238,8481.431,8484.267,2.836,25449
2239,8484.351,8485.519,1.168,7895
2240,8487.396,8488.605,1.209,13070
2241,8489.022,8491.149,2.127,29391
2242,8491.233,8492.317,1.084,20841
2243,8492.401,8493.860,1.459,23729
2244,8494.027,8495.654,1.627,18683
2245,8495.821,8497.114,1.293,22181
2246,8497.197,8499.449,2.252,23398
2247,8499.533,8501.910,2.377,29694
2248,8503.203,8505.038,1.835,33960
2249,8505.205,8506.206,1.001,3870
2250,8506.540,8509.751,3.211,18442
2251,8510.293,8511.545,1.252,18550
2252,8511.712,8512.921,1.209,8798
2253,8513.005,8514.297,1.292,17442
2254,8514.381,8516.049,1.668,23537
2255,8517.300,8518.802,1.502,21989
2256,8519.219,8520.220,1.001,5276
2257,8522.764,8524.141,1.377,10782
2258,8524.224,8527.310,3.086,30391
2259,8527.477,8528.854,1.377,12171
2260,8529.521,8530.522,1.001,12580
2261,8531.857,8533.400,1.543,11210
2262,8534.651,8536.361,1.710,19077
2263,8536.445,8539.031,2.586,16770
2264,8539.114,8541.199,2.085,17166
2265,8542.325,8544.202,1.877,19737
2266,8544.369,8545.829,1.460,17064
2267,8545.996,8547.289,1.293,16385
2268,8552.836,8553.837,1.001,10400
2269,8553.920,8555.130,1.210,12599
2270,8557.424,8561.720,4.296,36430
2271,8562.345,8563.889,1.544,12753
2272,8564.222,8566.641,2.419,27171
2273,8566.808,8567.893,1.085,14108
2274,8569.144,8570.687,1.543,8841
2275,8570.771,8573.607,2.836,26412
2276,8574.191,8576.193,2.002,18512
2277,8576.276,8578.445,2.169,30548
2278,8586.244,8588.580,2.336,20891
2279,8596.963,8598.256,1.293,21479
2280,8598.340,8600.801,2.461,16018
2281,8600.967,8602.135,1.168,10435
2282,8602.302,8603.595,1.293,12576
2283,8603.678,8606.139,2.461,33082
2284,8613.188,8614.397,1.209,16599
2285,8618.944,8620.362,1.418,14212
2286,8622.072,8624.908,2.836,23590
2287,8625.700,8627.702,2.002,23144
2288,8628.829,8630.789,1.960,7493
2289,8630.956,8633.500,2.544,16131
2290,8633.667,8635.127,1.460,12211
2291,8636.628,8638.380,1.752,12651
2292,8639.464,8640.632,1.168,9568
2293,8646.304,8647.973,1.669,10169
2294,8732.432,8733.767,1.335,28975
2295,8733.850,8736.269,2.419,30540
2296,8736.686,8738.647,1.961,28419
2297,8740.065,8741.483,1.418,20373
2298,8741.566,8742.859,1.293,10686
2299,8745.654,8746.947,1.293,19474
2300,8747.364,8749.366,2.002,29878
2301,8749.532,8751.243,1.711,20555
2302,8751.326,8752.786,1.460,20837
2303,8752.869,8754.454,1.585,15250
2304,8754.537,8757.040,2.503,30137
2305,8759.125,8760.961,1.836,9624
2306,8761.044,8763.088,2.044,22756
2307,8763.421,8764.714,1.293,10015
2308,8764.798,8767.133,2.335,13779
2309,8767.801,8769.844,2.043,18228
2310,8769.928,8771.054,1.126,5354
2311,8771.805,8772.806,1.001,9779
2312,8777.185,8779.229,2.044,20061
2313,8795.787,8796.788,1.001,10367
2314,8800.000,8801.001,1.001,14737
2315,8805.547,8806.631,1.084,17877
2316,8806.715,8807.716,1.001,17760
2317,8809.050,8810.176,1.126,9779
2318,8812.387,8813.805,1.418,22235
2319,8814.556,8815.765,1.209,13338
2320,8815.932,8817.309,1.377,19080
2321,8817.475,8818.810,1.335,7389
2322,8818.977,8820.854,1.877,20265
2323,8822.063,8823.440,1.377,7377
2324,8858.516,8859.934,1.418,13779
2325,8875.575,8876.618,1.043,10677
2326,8882.123,8884.376,2.253,19127
2327,8916.282,8918.576,2.294,24151
2328,8928.586,8930.088,1.502,8661
2329,8932.048,8933.716,1.668,24295
2330,8936.636,8940.056,3.420,7815
2331,8942.016,8945.437,3.421,10922
2332,8947.397,8951.609,4.212,10584
2333,8952.819,8956.197,3.378,11712
2334,8958.283,8963.037,4.754,20146
2335,8963.538,8969.002,5.464,20464
2336,8969.085,8972.672,3.587,24259
2337,8972.755,8975.925,3.170,21317
2338,8976.009,8978.136,2.127,11712
2339,8979.888,8983.224,3.336,7815
2340,8985.185,8988.938,3.753,10922
2341,8990.607,8994.527,3.920,10584
2342,8996.029,8999.407,3.378,11712
2343,9001.367,9006.289,4.922,19148
2344,9006.623,9011.836,5.213,22744
2345,9012.170,9016.508,4.338,25383
2346,9016.591,9019.177,2.586,9989
2347,9019.260,9021.429,2.169,11712
2348,9023.056,9026.684,3.628,7815
2349,9028.561,9032.273,3.712,10922
2350,9033.816,9037.987,4.171,9989
2351,9039.113,9042.283,3.170,11712
2352,9044.661,9049.958,5.297,20146
2353,9050.041,9055.171,5.130,20464
2354,9055.255,9059.384,4.129,9989
2355,9059.467,9064.305,4.838,19843
2356,9066.307,9069.435,3.128,14536
2357,9069.519,9071.771,2.252,9612
2358,9071.854,9074.983,3.129,24999
2359,9075.066,9077.151,2.085,8105
2360,9077.235,9082.198,4.963,15990
2361,9082.282,9085.785,3.503,19843
2362,9093.459,9095.503,2.044,14333
2363,9098.464,9099.465,1.001,9950
2364,9100.800,9102.510,1.710,14278
2365,9105.597,9108.641,3.044,16134
2366,9109.809,9110.810,1.001,7803
2367,9111.477,9114.606,3.129,15990
2368,9116.024,9117.025,1.001,2890
2369,9129.370,9131.289,1.919,11006
2370,9137.962,9140.632,2.670,30116
2371,9140.798,9143.885,3.087,23855
2372,9145.261,9146.471,1.210,8494
2373,9147.096,9148.848,1.752,8284
2374,9149.015,9151.684,2.669,23147
2375,9156.356,9158.399,2.043,25363
2376,9159.233,9162.153,2.920,26215
2377,9162.862,9165.657,2.795,26281
2378,9167.408,9168.993,1.585,16838
2379,9169.077,9170.078,1.001,11135
2380,9179.671,9180.797,1.126,13052
2381,9180.880,9182.173,1.293,11464
2382,9182.340,9183.883,1.543,18947
2383,9184.384,9186.511,2.127,15429
2384,9186.678,9189.972,3.294,21215
2385,9190.223,9192.225,2.002,11006
2386,9193.267,9195.436,2.169,29759
2387,9195.520,9196.521,1.001,8513
2388,9197.772,9200.566,2.794,18060
2389,9203.569,9205.863,2.294,19195
2390,9208.825,9209.992,1.167,9779
2391,9210.910,9213.121,2.211,27069
2392,9213.204,9215.123,1.919,13775
2393,9215.748,9217.959,2.211,18260
2394,9223.381,9224.549,1.168,13214
2395,9230.096,9231.305,1.209,14591
2396,9244.610,9247.029,2.419,20639
2397,9273.389,9275.725,2.336,19087
2398,9293.951,9296.370,2.419,25946
2399,9302.376,9308.090,5.714,19176
2400,9310.426,9316.808,6.382,23151
2401,9316.891,9318.976,2.085,11734
2402,9319.060,9325.233,6.173,28081
2403,9325.316,9327.318,2.002,10289
2404,9327.401,9331.447,4.046,12498
2405,9331.531,9335.326,3.795,19404
2406,9335.409,9341.374,5.965,33661
2407,9341.499,9345.461,3.962,16841
2408,9345.545,9349.382,3.837,22232
2409,9349.465,9352.301,2.836,18992
2410,9352.385,9357.932,5.547,24447
2411,9358.015,9359.851,1.836,8595
2412,9361.102,9364.272,3.170,9177
2413,9366.482,9367.984,1.502,8817
2414,9368.067,9372.321,4.254,19176
2415,9372.405,9375.783,3.378,19176
2416,9375.867,9382.164,6.297,28786
2417,9382.540,9384.166,1.626,11734
2418,9384.292,9387.295,3.003,12843
2419,9387.378,9392.508,5.130,18091
2420,9392.592,9398.139,5.547,20792
2421,9399.265,9400.766,1.501,8817
2422,9400.850,9406.105,5.255,19765
2423,9408.983,9414.488,5.505,25561
2424,9417.241,9423.915,6.674,20536
2425,9425.458,9431.297,5.839,19765
2426,9432.256,9433.883,1.627,3710
2427,9434.342,9436.510,2.168,21968
2428,9504.161,9506.956,2.795,34936
